0 56
1 57
2 60
3 53
4 51
5 57
6 49
7 48
8 59
9 50
10 48
11 56
12 54
13 48
14 50
15 59
16 49
17 52
18 47
19 56
20 53
21 52
22 50
23 58
24 59
25 62
26 39
27 57
28 54
29 55
30 62
31 56
32 53
33 62
34 49
35 44
36 54
37 53
38 50
39 61
40 55
41 47
42 64
43 46
44 55
45 50
46 49
47 62
48 61
49 46
50 50
51 55
52 53
53 59
54 58
55 53
56 50
57 66
58 65
59 50
60 56
61 43
62 47
63 55
64 49
65 54
66 55
67 53
68 47
69 62
70 70
71 50
72 56
73 54
74 53
75 45
76 62
77 54
78 55
79 44
80 42
81 60
82 51
83 49
84 50
85 61
86 41
87 41
88 58
89 57
90 60
91 52
92 53
93 59
94 51
95 58
96 55
97 53
98 65
99 52
100 48
101 56
102 51
103 61
104 56
105 62
106 52
107 52
108 60
109 51
110 47
111 56
112 55
113 52
114 54
115 47
116 58
117 50
118 47
119 53
120 45
121 58
122 53
123 50
124 47
125 58
126 56
127 45
128 59
129 53
130 50
131 54
132 51
133 49
134 57
135 53
136 54
137 55
138 65
139 51
140 54
141 54
142 48
143 59
144 52
145 60
146 49
147 56
148 60
149 53
150 50
151 64
152 58
153 56
154 52
155 47
156 55
157 51
158 49
159 57
160 51
161 49
162 50
163 50
164 58
165 48
166 56
167 51
168 51
169 53
170 47
171 60
172 53
173 43
174 55
175 56
176 55
177 58
178 47
179 65
180 45
181 53
182 50
183 60
184 52
185 45
186 49
187 50
188 57
189 56
190 56
191 51
192 46
193 52
194 45
195 54
196 56
197 54
198 51
199 46
200 51
201 55
202 48
203 48
204 48
205 59
206 51
207 56
208 57
209 55
210 50
211 60
212 51
213 53
214 48
215 56
216 50
217 51
218 43
219 34
220 47
221 57
222 52
223 50
224 58
225 51
226 49
227 57
228 49
229 50
230 52
231 57
232 56
233 45
234 49
235 68
236 50
237 52
238 52
239 49
240 54
241 47
242 56
243 53
244 60
245 53
246 46
247 50
248 53
249 47
250 46
251 52
252 51
253 65
254 65
255 50
256 56
257 61
258 57
259 64
260 58
261 53
262 58
263 53
264 54
265 47
266 60
267 55
268 43
269 44
270 50
271 60
272 57
273 51
274 58
275 67
276 61
277 58
278 52
279 49
280 50
281 61
282 47
283 49
284 59
285 53
286 57
287 65
288 55
289 53
290 61
291 53
292 57
293 42
294 50
295 52
296 45
297 45
298 53
299 54
300 53
301 56
302 44
303 56
304 57
305 48
306 56
307 63
308 51
309 58
310 51
311 58
312 52
313 49
314 50
315 49
316 51
317 55
318 47
319 67
320 56
321 55
322 54
323 47
324 50
325 57
326 53
327 50
328 55
329 62
330 54
331 49
332 63
333 49
334 64
335 50
336 48
337 59
338 55
339 47
340 51
341 53
342 51
343 55
344 47
345 62
346 50
347 63
348 64
349 63
350 57
351 57
352 48
353 48
354 53
355 59
356 49
357 56
358 54
359 64
360 47
361 49
362 54
363 52
364 48
365 58
366 54
367 57
368 52
369 53
370 65
371 61
372 50
373 54
374 44
375 58
376 55
377 56
378 47
379 51
380 54
381 64
382 68
383 44
384 51
385 55
386 59
387 53
388 54
389 55
390 54
391 63
392 58
393 63
394 44
395 52
396 62
397 61
398 49
399 48
400 57
401 44
402 49
403 54
404 50
405 46
406 47
407 59
408 54
409 53
410 56
411 58
412 64
413 56
414 56
415 63
416 46
417 45
418 53
419 53
420 56
421 55
422 57
423 57
424 54
425 61
426 61
427 55
428 57
429 59
430 60
431 52
432 69
433 57
434 56
435 46
436 63
437 56
438 58
439 60
440 48
441 54
442 56
443 60
444 53
445 57
446 56
447 56
448 63
449 56
450 57
451 57
452 53
453 58
454 54
455 53
456 50
457 64
458 41
459 49
460 45
461 53
462 50
463 49
464 50
465 59
466 53
467 54
468 56
469 59
470 54
471 55
472 64
473 56
474 51
475 56
476 62
477 53
478 67
479 57
480 49
481 62
482 52
483 51
484 50
485 59
486 57
487 57
488 60
489 51
490 50
491 59
492 46
493 52
494 61
495 59
496 53
497 53
498 55
499 49
500 55
501 62
502 65
503 51
504 50
505 51
506 57
507 48
508 51
509 64
510 59
511 59
512 54
513 59
514 56
515 61
516 61
517 52
518 60
519 58
520 56
521 53
522 65
523 50
524 61
525 50
526 51
527 48
528 60
529 59
530 58
531 60
532 60
533 45
534 59
535 61
536 52
537 41
538 61
539 51
540 50
541 45
542 47
543 58
544 58
545 59
546 55
547 40
548 57
549 52
550 68
551 63
552 59
553 59
554 50
555 50
556 58
557 58
558 59
559 62
560 56
561 65
562 60
563 60
564 44
565 55
566 65
567 60
568 51
569 58
570 62
571 56
572 53
573 60
574 54
575 52
576 60
577 53
578 49
579 51
580 52
581 47
582 51
583 51
584 59
585 62
586 51
587 55
588 58
589 54
590 58
591 57
592 63
593 67
594 53
595 47
596 63
597 55
598 60
599 48
600 46
601 44
602 51
603 43
604 59
605 62
606 48
607 48
608 60
609 52
610 51
611 45
612 58
613 58
614 59
615 49
616 54
617 56
618 60
619 60
620 53
621 59
622 49
623 56
624 54
625 47
626 48
627 58
628 53
629 48
630 59
631 53
632 70
633 55
634 65
635 60
636 55
637 57
638 48
639 56
640 50
641 48
642 61
643 51
644 41
645 64
646 57
647 56
648 52
649 46
650 62
651 57
652 66
653 50
654 65
655 60
656 47
657 65
658 55
659 54
660 49
661 44
662 64
663 53
664 56
665 47
666 56
667 52
668 47
669 53
670 48
671 54
672 45
673 56
674 57
675 56
676 48
677 54
678 64
679 53
680 41
681 54
682 56
683 59
684 52
685 61
686 60
687 59
688 46
689 49
690 53
691 57
692 51
693 61
694 46
695 58
696 61
697 58
698 58
699 54
700 61
701 51
702 52
703 50
704 60
705 55
706 61
707 58
708 59
709 53
710 56
711 74
712 51
713 48
714 54
715 61
716 49
717 54
718 53
719 56
720 42
721 52
722 61
723 43
724 61
725 68
726 54
727 56
728 52
729 62
730 56
731 58
732 56
733 58
734 61
735 67
736 57
737 60
738 62
739 42
740 45
741 51
742 51
743 61
744 65
745 62
746 55
747 56
748 44
749 51
750 64
751 61
752 53
753 43
754 59
755 54
756 45
757 62
758 53
759 48
760 53
761 52
762 51
763 53
764 50
765 59
766 56
767 63
768 61
769 60
770 55
771 69
772 49
773 58
774 52
775 55
776 58
777 57
778 50
779 55
780 55
781 57
782 59
783 59
784 63
785 56
786 54
787 56
788 60
789 53
790 47
791 55
792 56
793 50
794 51
795 53
796 49
797 62
798 52
799 51
800 55
801 60
802 57
803 67
804 58
805 53
806 44
807 62
808 51
809 47
810 50
811 54
812 69
813 51
814 55
815 47
816 43
817 60
818 57
819 51
820 55
821 58
822 52
823 67
824 63
825 48
826 56
827 58
828 51
829 63
830 64
831 64
832 65
833 62
834 56
835 52
836 54
837 65
838 57
839 53
840 51
841 50
842 56
843 59
844 63
845 58
846 49
847 60
848 49
849 58
850 41
851 49
852 56
853 53
854 57
855 60
856 54
857 57
858 52
859 59
860 69
861 56
862 55
863 52
864 52
865 58
866 53
867 57
868 58
869 50
870 52
871 63
872 42
873 49
874 53
875 65
876 45
877 55
878 54
879 53
880 49
881 54
882 59
883 63
884 53
885 65
886 54
887 61
888 57
889 56
890 48
891 56
892 49
893 49
894 52
895 65
896 61
897 60
898 54
899 61
900 51
901 61
902 53
903 57
904 52
905 51
906 56
907 56
908 53
909 50
910 57
911 57
912 58
913 44
914 64
915 50
916 58
917 60
918 65
919 53
920 59
921 56
922 65
923 58
924 66
925 48
926 53
927 46
928 65
929 55
930 59
931 54
932 47
933 67
934 55
935 71
936 56
937 61
938 54
939 64
940 56
941 62
942 58
943 59
944 59
945 51
946 66
947 57
948 60
949 48
950 60
951 57
952 58
953 63
954 57
955 61
956 64
957 54
958 68
959 60
960 61
961 52
962 54
963 52
964 49
965 68
966 47
967 63
968 56
969 51
970 51
971 53
972 54
973 66
974 59
975 62
976 51
977 53
978 53
979 59
980 65
981 59
982 56
983 56
984 52
985 53
986 56
987 49
988 57
989 60
990 58
991 62
992 54
993 62
994 64
995 53
996 62
997 69
998 61
999 59
1000 50
1001 50
1002 53
1003 53
1004 50
1005 54
1006 56
1007 52
1008 49
1009 48
1010 69
1011 51
1012 55
1013 48
1014 56
1015 72
1016 61
1017 58
1018 52
1019 54
1020 56
1021 59
1022 51
1023 52
1024 56
1025 56
1026 52
1027 51
1028 46
1029 62
1030 61
1031 58
1032 54
1033 52
1034 48
1035 56
1036 56
1037 55
1038 56
1039 57
1040 50
1041 50
1042 51
1043 45
1044 49
1045 57
1046 57
1047 55
1048 51
1049 51
1050 57
1051 53
1052 51
1053 50
1054 54
1055 56
1056 58
1057 57
1058 56
1059 64
1060 57
1061 56
1062 42
1063 51
1064 51
1065 50
1066 47
1067 49
1068 55
1069 62
1070 49
1071 65
1072 42
1073 65
1074 51
1075 45
1076 48
1077 49
1078 51
1079 55
1080 56
1081 53
1082 54
1083 57
1084 79
1085 46
1086 45
1087 54
1088 61
1089 48
1090 51
1091 50
1092 60
1093 57
1094 51
1095 51
1096 54
1097 55
1098 60
1099 63
1100 56
1101 54
1102 57
1103 60
1104 52
1105 62
1106 65
1107 52
1108 49
1109 45
1110 52
1111 50
1112 64
1113 55
1114 57
1115 49
1116 53
1117 45
1118 54
1119 68
1120 45
1121 53
1122 59
1123 54
1124 46
1125 58
1126 62
1127 58
1128 64
1129 54
1130 53
1131 55
1132 54
1133 58
1134 57
1135 52
1136 61
1137 50
1138 49
1139 48
1140 55
1141 48
1142 57
1143 53
1144 55
1145 43
1146 55
1147 49
1148 55
1149 65
1150 65
1151 51
1152 48
1153 59
1154 58
1155 52
1156 56
1157 55
1158 58
1159 38
1160 61
1161 61
1162 52
1163 76
1164 50
1165 53
1166 42
1167 45
1168 41
1169 41
1170 46
1171 56
1172 58
1173 55
1174 61
1175 52
1176 48
1177 47
1178 46
1179 47
1180 45
1181 58
1182 59
1183 59
1184 69
1185 64
1186 58
1187 53
1188 54
1189 60
1190 62
1191 58
1192 47
1193 53
1194 58
1195 52
1196 57
1197 51
1198 57
1199 60
1200 63
1201 71
1202 55
1203 50
1204 60
1205 50
1206 58
1207 59
1208 49
1209 54
1210 52
1211 60
1212 52
1213 53
1214 56
1215 46
1216 44
1217 54
1218 53
1219 55
1220 52
1221 47
1222 53
1223 54
1224 54
1225 65
1226 46
1227 65
1228 54
1229 51
1230 52
1231 50
1232 57
1233 56
1234 46
1235 45
1236 56
1237 70
1238 38
1239 66
1240 44
1241 48
1242 50
1243 63
1244 63
1245 50
1246 50
1247 61
1248 61
1249 41
1250 54
1251 70
1252 52
1253 65
1254 60
1255 57
1256 53
1257 57
1258 50
1259 50
1260 62
1261 60
1262 57
1263 56
1264 46
1265 52
1266 59
1267 57
1268 58
1269 49
1270 37
1271 68
1272 50
1273 43
1274 56
1275 50
1276 55
1277 49
1278 54
1279 43
1280 46
1281 59
1282 63
1283 62
1284 56
1285 52
1286 50
1287 53
1288 59
1289 52
1290 64
1291 49
1292 51
1293 44
1294 50
1295 50
1296 53
1297 59
1298 50
1299 46
1300 50
1301 58
1302 53
1303 60
1304 50
1305 62
1306 57
1307 51
1308 44
1309 53
1310 51
1311 53
1312 57
1313 51
1314 54
1315 63
1316 65
1317 56
1318 48
1319 50
1320 55
1321 63
1322 65
1323 53
1324 45
1325 62
1326 58
1327 58
1328 58
1329 57
1330 52
1331 46
1332 58
1333 46
1334 60
1335 52
1336 56
1337 48
1338 50
1339 47
1340 54
1341 59
1342 51
1343 54
1344 54
1345 52
1346 54
1347 67
1348 61
1349 52
1350 56
1351 71
1352 56
1353 68
1354 47
1355 56
1356 55
1357 52
1358 57
1359 56
1360 52
1361 52
1362 58
1363 54
1364 52
1365 64
1366 55
1367 53
1368 50
1369 49
1370 50
1371 50
1372 61
1373 56
1374 51
1375 56
1376 47
1377 53
1378 49
1379 45
1380 55
1381 48
1382 50
1383 48
1384 51
1385 53
1386 47
1387 48
1388 43
1389 64
1390 45
1391 67
1392 62
1393 43
1394 54
1395 46
1396 57
1397 55
1398 61
1399 52
1400 61
1401 58
1402 57
1403 51
1404 68
1405 57
1406 49
1407 55
1408 67
1409 61
1410 57
1411 64
1412 49
1413 54
1414 57
1415 54
1416 56
1417 59
1418 49
1419 50
1420 58
1421 56
1422 48
1423 58
1424 52
1425 59
1426 58
1427 45
1428 58
1429 52
1430 51
1431 55
1432 53
1433 54
1434 59
1435 53
1436 62
1437 59
1438 60
1439 61
1440 58
1441 48
1442 52
1443 49
1444 50
1445 50
1446 49
1447 57
1448 61
1449 59
1450 64
1451 58
1452 57
1453 55
1454 59
1455 53
1456 58
1457 41
1458 59
1459 64
1460 53
1461 68
1462 63
1463 53
1464 63
1465 57
1466 56
1467 60
1468 51
1469 59
1470 57
1471 56
1472 57
1473 51
1474 58
1475 56
1476 56
1477 55
1478 47
1479 56
1480 59
1481 58
1482 59
1483 61
1484 59
1485 54
1486 55
1487 50
1488 58
1489 54
1490 55
1491 52
1492 51
1493 53
1494 47
1495 48
1496 51
1497 49
1498 58
1499 54
1500 56
1501 47
1502 56
1503 56
1504 66
1505 49
1506 47
1507 58
1508 59
1509 53
1510 58
1511 61
1512 48
1513 48
1514 45
1515 58
1516 54
1517 50
1518 53
1519 50
1520 57
1521 60
1522 52
1523 45
1524 48
1525 50
1526 43
1527 58
1528 55
1529 52
1530 55
1531 50
1532 55
1533 63
1534 52
1535 55
1536 59
1537 50
1538 54
1539 54
1540 58
1541 60
1542 50
1543 56
1544 49
1545 50
1546 53
1547 53
1548 57
1549 51
1550 56
1551 58
1552 58
1553 53
1554 64
1555 49
1556 61
1557 61
1558 52
1559 53
1560 47
1561 58
1562 56
1563 49
1564 55
1565 54
1566 55
1567 55
1568 64
1569 49
1570 54
1571 45
1572 53
1573 53
1574 55
1575 53
1576 56
1577 52
1578 52
1579 56
1580 45
1581 37
1582 58
1583 59
1584 54
1585 48
1586 61
1587 48
1588 41
1589 61
1590 66
1591 59
1592 68
1593 46
1594 54
1595 49
1596 55
1597 56
1598 45
1599 57
1600 54
1601 50
1602 46
1603 57
1604 53
1605 50
1606 60
1607 47
1608 67
1609 45
1610 45
1611 47
1612 53
1613 59
1614 53
1615 55
1616 59
1617 63
1618 49
1619 47
1620 52
1621 47
1622 48
1623 64
1624 58
1625 55
1626 51
1627 64
1628 53
1629 44
1630 49
1631 50
1632 61
1633 65
1634 48
1635 54
1636 58
1637 54
1638 60
1639 56
1640 53
1641 50
1642 57
1643 53
1644 52
1645 60
1646 54
1647 53
1648 46
1649 64
1650 47
1651 47
1652 46
1653 55
1654 40
1655 61
1656 50
1657 47
1658 44
1659 51
1660 46
1661 67
1662 52
1663 58
1664 43
1665 53
1666 48
1667 53
1668 57
1669 46
1670 52
1671 60
1672 57
1673 57
1674 59
1675 57
1676 50
1677 55
1678 61
1679 63
1680 62
1681 59
1682 56
1683 53
1684 51
1685 48
1686 51
1687 55
1688 56
1689 63
1690 57
1691 51
1692 59
1693 45
1694 64
1695 58
1696 57
1697 58
1698 43
1699 53
1700 43
1701 55
1702 64
1703 71
1704 56
1705 53
1706 57
1707 53
1708 44
1709 61
1710 60
1711 54
1712 70
1713 55
1714 53
1715 44
1716 57
1717 49
1718 72
1719 55
1720 58
1721 52
1722 58
1723 47
1724 50
1725 61
1726 50
1727 45
1728 47
1729 48
1730 42
1731 54
1732 64
1733 65
1734 61
1735 56
1736 55
1737 64
1738 44
1739 60
1740 52
1741 51
1742 59
1743 51
1744 45
1745 61
1746 53
1747 52
1748 42
1749 61
1750 47
1751 55
1752 57
1753 57
1754 54
1755 47
1756 66
1757 62
1758 50
1759 48
1760 62
1761 49
1762 52
1763 48
1764 58
1765 71
1766 55
1767 53
1768 64
1769 65
1770 67
1771 53
1772 63
1773 50
1774 49
1775 58
1776 48
1777 62
1778 51
1779 60
1780 54
1781 60
1782 50
1783 62
1784 44
1785 56
1786 63
1787 49
1788 40
1789 51
1790 59
1791 56
1792 49
1793 54
1794 52
1795 45
1796 51
1797 59
1798 55
1799 58
1800 53
1801 58
1802 59
1803 50
1804 45
1805 53
1806 50
1807 56
1808 57
1809 53
1810 51
1811 58
1812 54
1813 55
1814 62
1815 61
1816 53
1817 48
1818 46
1819 67
1820 58
1821 58
1822 54
1823 49
1824 64
1825 47
1826 50
1827 46
1828 50
1829 56
1830 51
1831 67
1832 56
1833 67
1834 51
1835 63
1836 58
1837 56
1838 57
1839 55
1840 65
1841 56
1842 46
1843 57
1844 61
1845 55
1846 60
1847 62
1848 57
1849 54
1850 49
1851 47
1852 55
1853 42
1854 61
1855 55
1856 64
1857 56
1858 58
1859 53
1860 63
1861 59
1862 55
1863 54
1864 57
1865 66
1866 46
1867 60
1868 63
1869 68
1870 56
1871 56
1872 63
1873 56
1874 45
1875 57
1876 56
1877 51
1878 52
1879 50
1880 63
1881 46
1882 52
1883 56
1884 51
1885 55
1886 53
1887 66
1888 52
1889 71
1890 59
1891 55
1892 48
1893 58
1894 65
1895 51
1896 60
1897 55
1898 64
1899 62
1900 51
1901 58
1902 61
1903 52
1904 55
1905 56
1906 59
1907 51
1908 58
1909 52
1910 51
1911 49
1912 68
1913 54
1914 66
1915 47
1916 51
1917 55
1918 66
1919 51
1920 53
1921 53
1922 64
1923 57
1924 60
1925 61
1926 54
1927 59
1928 55
1929 52
1930 53
1931 66
1932 51
1933 54
1934 51
1935 58
1936 43
1937 59
1938 59
1939 48
1940 63
1941 60
1942 51
1943 61
1944 50
1945 48
1946 59
1947 61
1948 55
1949 51
1950 55
1951 59
1952 64
1953 53
1954 60
1955 48
1956 55
1957 63
1958 66
1959 57
1960 50
1961 50
1962 59
1963 62
1964 49
1965 54
1966 61
1967 64
1968 47
1969 61
1970 57
1971 50
1972 50
1973 55
1974 44
1975 57
1976 65
1977 60
1978 61
1979 62
1980 57
1981 57
1982 46
1983 65
1984 61
1985 50
1986 54
1987 59
1988 48
1989 52
1990 37
1991 53
1992 45
1993 67
1994 58
1995 55
1996 61
1997 54
1998 46
1999 65
2000 57
2001 52
2002 49
2003 56
2004 56
2005 54
2006 65
2007 45
2008 60
2009 58
2010 52
2011 57
2012 45
2013 55
2014 56
2015 52
2016 55
2017 50
2018 62
2019 53
2020 53
2021 52
2022 55
2023 57
2024 56
2025 65
2026 57
2027 54
2028 36
2029 58
2030 53
2031 54
2032 57
2033 59
2034 49
2035 59
2036 48
2037 59
2038 49
2039 65
2040 59
2041 51
2042 46
2043 55
2044 47
2045 55
2046 49
2047 40
2048 54
2049 46
2050 56
2051 56
2052 49
2053 56
2054 63
2055 55
2056 44
2057 49
2058 49
2059 48
2060 55
2061 62
2062 61
2063 40
2064 56
2065 46
2066 42
2067 44
2068 44
2069 50
2070 46
2071 52
2072 53
2073 50
2074 53
2075 50
2076 62
2077 55
2078 52
2079 49
2080 49
2081 53
2082 56
2083 50
2084 44
2085 53
2086 55
2087 60
2088 44
2089 56
2090 42
2091 44
2092 56
2093 56
2094 51
2095 65
2096 48
2097 58
2098 51
2099 51
2100 55
2101 49
2102 58
2103 41
2104 55
2105 60
2106 53
2107 67
2108 60
2109 59
2110 45
2111 53
2112 57
2113 49
2114 55
2115 54
2116 55
2117 50
2118 58
2119 51
2120 47
2121 51
2122 43
2123 50
2124 47
2125 55
2126 46
2127 40
2128 49
2129 51
2130 61
2131 46
2132 47
2133 51
2134 51
2135 53
2136 55
2137 46
2138 52
2139 58
2140 40
2141 53
2142 52
2143 54
2144 54
2145 60
2146 47
2147 54
2148 61
2149 52
2150 52
2151 66
2152 57
2153 62
2154 62
2155 69
2156 60
2157 56
2158 58
2159 64
2160 48
2161 58
2162 61
2163 41
2164 45
2165 57
2166 59
2167 48
2168 36
2169 47
2170 54
2171 58
2172 59
2173 54
2174 56
2175 48
2176 49
2177 39
2178 45
2179 59
2180 60
2181 57
2182 55
2183 57
2184 49
2185 62
2186 54
2187 45
2188 47
2189 50
2190 51
2191 46
2192 62
2193 55
2194 57
2195 56
2196 47
2197 50
2198 62
2199 55
2200 52
2201 56
2202 49
2203 56
2204 57
2205 53
2206 61
2207 43
2208 52
2209 52
2210 47
2211 40
2212 54
2213 51
2214 61
2215 50
2216 66
2217 50
2218 55
2219 63
2220 45
2221 52
2222 65
2223 54
2224 57
2225 61
2226 56
2227 59
2228 54
2229 53
2230 59
2231 54
2232 69
2233 44
2234 57
2235 61
2236 46
2237 50
2238 63
2239 57
2240 59
2241 59
2242 65
2243 48
2244 50
2245 61
2246 59
2247 49
2248 50
2249 53
2250 55
2251 48
2252 63
2253 57
2254 43
2255 60
2256 59
2257 64
2258 63
2259 52
2260 48
2261 50
2262 50
2263 47
2264 53
2265 48
2266 66
2267 50
2268 57
2269 62
2270 57
2271 56
2272 52
2273 56
2274 42
2275 59
2276 50
2277 55
2278 58
2279 62
2280 51
2281 53
2282 63
2283 59
2284 49
2285 52
2286 49
2287 46
2288 54
2289 54
2290 65
2291 55
2292 55
2293 46
2294 66
2295 59
2296 57
2297 56
2298 53
2299 45
2300 51
2301 50
2302 52
2303 53
2304 65
2305 47
2306 60
2307 48
2308 59
2309 54
2310 63
2311 54
2312 57
2313 65
2314 61
2315 67
2316 60
2317 62
2318 59
2319 51
2320 57
2321 57
2322 50
2323 60
2324 67
2325 57
2326 54
2327 66
2328 50
2329 62
2330 55
2331 58
2332 65
2333 53
2334 55
2335 58
2336 65
2337 56
2338 53
2339 61
2340 56
2341 56
2342 67
2343 54
2344 53
2345 59
2346 58
2347 62
2348 62
2349 59
2350 50
2351 50
2352 62
2353 62
2354 51
2355 50
2356 55
2357 60
2358 59
2359 61
2360 54
2361 52
2362 58
2363 65
2364 51
2365 57
2366 52
2367 67
2368 68
2369 46
2370 61
2371 59
2372 46
2373 70
2374 56
2375 46
2376 55
2377 56
2378 53
2379 53
2380 61
2381 60
2382 51
2383 59
2384 48
2385 50
2386 54
2387 60
2388 54
2389 68
2390 58
2391 57
2392 52
2393 57
2394 55
2395 54
2396 52
2397 69
2398 53
2399 55
2400 52
2401 58
2402 59
2403 60
2404 63
2405 56
2406 55
2407 52
2408 61
2409 49
2410 53
2411 61
2412 55
2413 54
2414 64
2415 49
2416 59
2417 54
2418 46
2419 60
2420 53
2421 60
2422 47
2423 63
2424 59
2425 51
2426 66
2427 57
2428 47
2429 47
2430 47
2431 50
2432 59
2433 53
2434 53
2435 56
2436 55
2437 54
2438 56
2439 55
2440 50
2441 55
2442 49
2443 54
2444 55
2445 65
2446 58
2447 62
2448 60
2449 53
2450 51
2451 52
2452 48
2453 58
2454 47
2455 56
2456 57
2457 57
2458 53
2459 53
2460 52
2461 45
2462 58
2463 57
2464 58
2465 59
2466 55
2467 51
2468 54
2469 55
2470 49
2471 54
2472 62
2473 55
2474 45
2475 48
2476 51
2477 54
2478 50
2479 61
2480 62
2481 55
2482 59
2483 68
2484 58
2485 61
2486 60
2487 51
2488 53
2489 51
2490 52
2491 44
2492 64
2493 53
2494 54
2495 63
2496 42
2497 53
2498 51
2499 54
2500 67
2501 60
2502 51
2503 55
2504 61
2505 46
2506 65
2507 65
2508 66
2509 63
2510 64
2511 59
2512 58
2513 49
2514 61
2515 47
2516 54
2517 43
2518 56
2519 45
2520 58
2521 53
2522 66
2523 58
2524 67
2525 54
2526 53
2527 64
2528 61
2529 60
2530 41
2531 68
2532 67
2533 55
2534 52
2535 56
2536 48
2537 57
2538 48
2539 62
2540 53
2541 41
2542 61
2543 54
2544 59
2545 53
2546 57
2547 60
2548 61
2549 56
2550 51
2551 56
2552 55
2553 36
2554 60
2555 58
2556 49
2557 55
2558 57
2559 70
2560 55
2561 54
2562 53
2563 57
2564 53
2565 51
2566 59
2567 55
2568 60
2569 65
2570 61
2571 55
2572 52
2573 58
2574 53
2575 51
2576 59
2577 56
2578 57
2579 47
2580 60
2581 50
2582 53
2583 52
2584 56
2585 51
2586 52
2587 57
2588 58
2589 54
2590 57
2591 45
2592 53
2593 59
2594 50
2595 51
2596 67
2597 74
2598 56
2599 62
2600 46
2601 52
2602 58
2603 59
2604 46
2605 45
2606 62
2607 47
2608 58
2609 45
2610 49
2611 56
2612 39
2613 60
2614 59
2615 52
2616 61
2617 65
2618 60
2619 57
2620 63
2621 46
2622 45
2623 64
2624 52
2625 58
2626 59
2627 53
2628 60
2629 63
2630 52
2631 58
2632 56
2633 58
2634 62
2635 58
2636 52
2637 64
2638 48
2639 60
2640 54
2641 60
2642 63
2643 66
2644 60
2645 54
2646 52
2647 63
2648 53
2649 58
2650 60
2651 45
2652 56
2653 51
2654 48
2655 58
2656 54
2657 57
2658 64
2659 50
2660 51
2661 60
2662 53
2663 58
2664 53
2665 55
2666 56
2667 41
2668 55
2669 62
2670 60
2671 63
2672 55
2673 57
2674 59
2675 50
2676 50
2677 53
2678 53
2679 58
2680 50
2681 51
2682 56
2683 55
2684 64
2685 48
2686 49
2687 58
2688 63
2689 61
2690 56
2691 63
2692 54
2693 54
2694 53
2695 52
2696 53
2697 65
2698 60
2699 59
2700 67
2701 54
2702 51
2703 49
2704 53
2705 54
2706 56
2707 65
2708 57
2709 65
2710 60
2711 53
2712 56
2713 55
2714 56
2715 50
2716 53
2717 46
2718 67
2719 58
2720 50
2721 49
2722 55
2723 57
2724 56
2725 56
2726 56
2727 50
2728 58
2729 51
2730 46
2731 55
2732 57
2733 55
2734 50
2735 56
2736 56
2737 53
2738 63
2739 62
2740 50
2741 63
2742 44
2743 53
2744 47
2745 65
2746 60
2747 59
2748 46
2749 50
2750 57
2751 62
2752 45
2753 60
2754 55
2755 65
2756 53
2757 47
2758 52
2759 49
2760 64
2761 58
2762 46
2763 58
2764 52
2765 54
2766 55
2767 50
2768 59
2769 41
2770 49
2771 54
2772 50
2773 57
2774 52
2775 59
2776 63
2777 61
2778 56
2779 62
2780 61
2781 49
2782 54
2783 61
2784 64
2785 57
2786 69
2787 56
2788 57
2789 58
2790 45
2791 56
2792 59
2793 60
2794 43
2795 59
2796 43
2797 44
2798 62
2799 57
2800 56
2801 47
2802 60
2803 60
2804 65
2805 62
2806 64
2807 55
2808 64
2809 51
2810 57
2811 56
2812 61
2813 50
2814 56
2815 55
2816 50
2817 49
2818 63
2819 55
2820 52
2821 57
2822 50
2823 45
2824 47
2825 49
2826 57
2827 45
2828 59
2829 43
2830 65
2831 48
2832 62
2833 59
2834 54
2835 48
2836 48
2837 51
2838 58
2839 46
2840 58
2841 52
2842 53
2843 50
2844 42
2845 57
2846 47
2847 56
2848 55
2849 47
2850 57
2851 46
2852 55
2853 49
2854 50
2855 51
2856 57
2857 42
2858 51
2859 48
2860 56
2861 49
2862 54
2863 52
2864 52
2865 45
2866 56
2867 57
2868 55
2869 46
2870 48
2871 43
2872 58
2873 60
2874 59
2875 60
2876 54
2877 64
2878 54
2879 41
2880 47
2881 42
2882 50
2883 51
2884 49
2885 48
2886 57
2887 50
2888 53
2889 44
2890 57
2891 45
2892 47
2893 49
2894 50
2895 64
2896 51
2897 53
2898 48
2899 61
2900 42
2901 44
2902 34
2903 45
2904 54
2905 48
2906 61
2907 54
2908 61
2909 60
2910 49
2911 59
2912 50
2913 56
2914 55
2915 64
2916 45
2917 55
2918 42
2919 50
2920 43
2921 48
2922 45
2923 53
2924 54
2925 49
2926 58
2927 46
2928 54
2929 52
2930 54
2931 52
2932 51
2933 58
2934 60
2935 49
2936 52
2937 55
2938 51
2939 51
2940 61
2941 60
2942 50
2943 57
2944 56
2945 58
2946 59
2947 63
2948 57
2949 59
2950 54
2951 53
2952 63
2953 44
2954 64
2955 60
2956 62
2957 49
2958 61
2959 50
2960 56
2961 51
2962 57
2963 47
2964 60
2965 63
2966 54
2967 49
2968 56
2969 48
2970 52
2971 52
2972 53
2973 63
2974 52
2975 56
2976 43
2977 57
2978 48
2979 62
2980 47
2981 69
2982 61
2983 51
2984 62
2985 60
2986 46
2987 57
2988 45
2989 63
2990 57
2991 54
2992 47
2993 52
2994 47
2995 46
2996 54
2997 47
2998 49
2999 56
3000 67
3001 43
3002 52
3003 61
3004 47
3005 43
3006 48
3007 62
3008 63
3009 51
3010 50
3011 49
3012 51
3013 45
3014 41
3015 52
3016 51
3017 50
3018 58
3019 57
3020 48
3021 47
3022 58
3023 49
3024 52
3025 44
3026 46
3027 46
3028 59
3029 41
3030 55
3031 56
3032 56
3033 54
3034 57
3035 61
3036 51
3037 57
3038 46
3039 56
3040 51
3041 45
3042 56
3043 60
3044 58
3045 47
3046 59
3047 61
3048 49
3049 61
3050 57
3051 48
3052 52
3053 49
3054 45
3055 48
3056 52
3057 56
3058 53
3059 56
3060 53
3061 48
3062 59
3063 51
3064 66
3065 56
3066 56
3067 57
3068 51
3069 66
3070 45
3071 50
3072 45
3073 61
3074 55
3075 49
3076 52
3077 57
3078 49
3079 49
3080 45
3081 46
3082 54
3083 54
3084 57
3085 59
3086 58
3087 53
3088 49
3089 57
3090 56
3091 58
3092 48
3093 48
3094 51
3095 63
3096 55
3097 40
3098 52
3099 55
3100 46
3101 48
3102 55
3103 45
3104 57
3105 52
3106 40
3107 55
3108 57
3109 50
3110 53
3111 59
3112 40
3113 49
3114 58
3115 64
3116 54
3117 55
3118 64
3119 51
3120 46
3121 51
3122 59
3123 50
3124 59
3125 52
3126 49
3127 55
3128 52
3129 50
3130 49
3131 48
3132 47
3133 55
3134 52
3135 53
3136 52
3137 45
3138 71
3139 53
3140 52
3141 61
3142 48
3143 53
3144 46
3145 55
3146 46
3147 58
3148 52
3149 41
3150 46
3151 62
3152 58
3153 59
3154 52
3155 58
3156 46
3157 56
3158 57
3159 58
3160 48
3161 54
3162 50
3163 57
3164 50
3165 53
3166 57
3167 57
3168 53
3169 49
3170 53
3171 51
3172 50
3173 58
3174 54
3175 58
3176 48
3177 49
3178 48
3179 49
3180 56
3181 54
3182 55
3183 63
3184 55
3185 54
3186 53
3187 55
3188 51
3189 55
3190 54
3191 54
3192 66
3193 47
3194 53
3195 56
3196 62
3197 47
3198 50
3199 60
3200 47
3201 60
3202 60
3203 59
3204 58
3205 58
3206 56
3207 57
3208 53
3209 68
3210 70
3211 47
3212 60
3213 54
3214 48
3215 53
3216 46
3217 61
3218 56
3219 46
3220 66
3221 69
3222 54
3223 59
3224 63
3225 53
3226 65
3227 58
3228 51
3229 51
3230 59
3231 55
3232 51
3233 59
3234 52
3235 61
3236 62
3237 58
3238 46
3239 45
3240 56
3241 51
3242 55
3243 60
3244 53
3245 66
3246 63
3247 62
3248 57
3249 53
3250 60
3251 56
3252 53
3253 52
3254 47
3255 55
3256 66
3257 50
3258 54
3259 46
3260 51
3261 44
3262 49
3263 55
3264 59
3265 50
3266 47
3267 58
3268 63
3269 58
3270 48
3271 41
3272 45
3273 48
3274 58
3275 56
3276 51
3277 54
3278 53
3279 52
3280 49
3281 54
3282 43
3283 51
3284 50
3285 55
3286 52
3287 55
3288 48
3289 51
3290 54
3291 58
3292 54
3293 58
3294 56
3295 51
3296 55
3297 68
3298 58
3299 54
3300 49
3301 53
3302 44
3303 61
3304 52
3305 56
3306 52
3307 49
3308 51
3309 53
3310 56
3311 55
3312 53
3313 65
3314 52
3315 48
3316 57
3317 53
3318 57
3319 49
3320 48
3321 59
3322 55
3323 55
3324 47
3325 58
3326 46
3327 54
3328 59
3329 58
3330 53
3331 53
3332 61
3333 54
3334 52
3335 55
3336 54
3337 57
3338 59
3339 39
3340 51
3341 59
3342 54
3343 46
3344 55
3345 49
3346 55
3347 60
3348 62
3349 51
3350 52
3351 56
3352 59
3353 55
3354 56
3355 53
3356 62
3357 56
3358 53
3359 57
3360 52
3361 61
3362 56
3363 64
3364 64
3365 53
3366 55
3367 52
3368 58
3369 52
3370 52
3371 57
3372 56
3373 62
3374 52
3375 57
3376 60
3377 62
3378 47
3379 59
3380 58
3381 55
3382 50
3383 52
3384 48
3385 57
3386 55
3387 56
3388 47
3389 50
3390 59
3391 59
3392 64
3393 58
3394 46
3395 59
3396 58
3397 58
3398 56
3399 65
3400 63
3401 61
3402 55
3403 65
3404 60
3405 67
3406 67
3407 55
3408 57
3409 57
3410 63
3411 59
3412 59
3413 60
3414 59
3415 59
3416 47
3417 63
3418 51
3419 48
3420 53
3421 48
3422 54
3423 43
3424 49
3425 62
3426 55
3427 49
3428 57
3429 46
3430 50
3431 53
3432 58
3433 57
3434 55
3435 52
3436 49
3437 46
3438 54
3439 67
3440 50
3441 44
3442 56
3443 44
3444 52
3445 42
3446 53
3447 47
3448 49
3449 49
3450 52
3451 44
3452 55
3453 47
3454 54
3455 57
3456 63
3457 61
3458 46
3459 47
3460 55
3461 56
3462 51
3463 49
3464 50
3465 52
3466 52
3467 44
3468 54
3469 69
3470 58
3471 58
3472 67
3473 62
3474 54
3475 45
3476 57
3477 52
3478 60
3479 42
3480 55
3481 57
3482 50
3483 40
3484 46
3485 58
3486 57
3487 50
3488 48
3489 45
3490 56
3491 58
3492 58
3493 56
3494 47
3495 51
3496 49
3497 49
3498 51
3499 61
3500 42
3501 52
3502 51
3503 55
3504 55
3505 49
3506 63
3507 57
3508 48
3509 55
3510 53
3511 56
3512 52
3513 49
3514 53
3515 58
3516 57
3517 55
3518 64
3519 51
3520 58
3521 56
3522 47
3523 62
3524 51
3525 48
3526 66
3527 55
3528 47
3529 44
3530 56
3531 56
3532 55
3533 56
3534 55
3535 56
3536 53
3537 57
3538 44
3539 60
3540 60
3541 46
3542 60
3543 44
3544 54
3545 51
3546 57
3547 51
3548 50
3549 46
3550 50
3551 62
3552 60
3553 56
3554 48
3555 57
3556 54
3557 60
3558 44
3559 62
3560 45
3561 60
3562 47
3563 50
3564 49
3565 60
3566 54
3567 52
3568 52
3569 51
3570 54
3571 56
3572 52
3573 59
3574 55
3575 60
3576 50
3577 52
3578 55
3579 66
3580 55
3581 56
3582 52
3583 50
3584 55
3585 55
3586 70
3587 54
3588 56
3589 51
3590 65
3591 56
3592 46
3593 58
3594 55
3595 53
3596 49
3597 55
3598 51
3599 52
3600 38
3601 51
3602 56
3603 47
3604 53
3605 55
3606 50
3607 49
3608 58
3609 61
3610 64
3611 54
3612 53
3613 55
3614 57
3615 54
3616 53
3617 54
3618 57
3619 43
3620 57
3621 61
3622 54
3623 55
3624 55
3625 57
3626 47
3627 54
3628 46
3629 61
3630 54
3631 56
3632 46
3633 43
3634 49
3635 56
3636 48
3637 51
3638 52
3639 57
3640 53
3641 57
3642 52
3643 62
3644 56
3645 55
3646 45
3647 55
3648 55
3649 64
3650 56
3651 49
3652 49
3653 51
3654 59
3655 53
3656 51
3657 51
3658 52
3659 53
3660 58
3661 52
3662 55
3663 50
3664 59
3665 47
3666 50
3667 49
3668 49
3669 44
3670 62
3671 57
3672 46
3673 55
3674 52
3675 53
3676 59
3677 58
3678 51
3679 50
3680 44
3681 46
3682 59
3683 48
3684 61
3685 48
3686 49
3687 55
3688 63
3689 53
3690 42
3691 48
3692 57
3693 57
3694 56
3695 48
3696 49
3697 53
3698 51
3699 60
3700 53
3701 44
3702 48
3703 56
3704 53
3705 66
3706 62
3707 56
3708 44
3709 43
3710 58
3711 45
3712 52
3713 54
3714 56
3715 66
3716 64
3717 58
3718 51
3719 65
3720 56
3721 46
3722 55
3723 48
3724 64
3725 68
3726 57
3727 45
3728 57
3729 54
3730 46
3731 45
3732 51
3733 54
3734 57
3735 48
3736 50
3737 44
3738 54
3739 46
3740 52
3741 45
3742 53
3743 43
3744 55
3745 58
3746 54
3747 59
3748 52
3749 56
3750 52
3751 60
3752 53
3753 47
3754 51
3755 49
3756 57
3757 48
3758 66
3759 65
3760 56
3761 45
3762 55
3763 54
3764 48
3765 50
3766 58
3767 59
3768 52
3769 59
3770 38
3771 46
3772 62
3773 47
3774 52
3775 53
3776 57
3777 45
3778 61
3779 52
3780 45
3781 59
3782 59
3783 49
3784 51
3785 61
3786 45
3787 45
3788 57
3789 48
3790 60
3791 54
3792 50
3793 52
3794 51
3795 50
3796 47
3797 53
3798 52
3799 54
3800 54
3801 60
3802 53
3803 57
3804 55
3805 60
3806 57
3807 43
3808 46
3809 46
3810 43
3811 50
3812 57
3813 57
3814 49
3815 50
3816 49
3817 53
3818 41
3819 47
3820 47
3821 60
3822 41
3823 43
3824 59
3825 60
3826 44
3827 49
3828 52
3829 38
3830 56
3831 48
3832 50
3833 59
3834 55
3835 51
3836 58
3837 50
3838 51
3839 41
3840 48
3841 43
3842 40
3843 47
3844 52
3845 46
3846 51
3847 48
3848 54
3849 55
3850 48
3851 51
3852 60
3853 57
3854 56
3855 50
3856 55
3857 51
3858 51
3859 48
3860 52
3861 56
3862 62
3863 57
3864 48
3865 56
3866 47
3867 45
3868 49
3869 50
3870 49
3871 48
3872 42
3873 47
3874 49
3875 51
3876 46
3877 57
3878 49
3879 47
3880 48
3881 55
3882 47
3883 50
3884 58
3885 54
3886 48
3887 50
3888 61
3889 46
3890 44
3891 54
3892 59
3893 54
3894 57
3895 51
3896 51
3897 62
3898 53
3899 53
3900 59
3901 60
3902 55
3903 52
3904 42
3905 50
3906 56
3907 50
3908 51
3909 46
3910 59
3911 48
3912 56
3913 53
3914 53
3915 63
3916 53
3917 48
3918 56
3919 55
3920 53
3921 48
3922 48
3923 43
3924 54
3925 54
3926 63
3927 57
3928 46
3929 52
3930 54
3931 52
3932 58
3933 53
3934 49
3935 60
3936 42
3937 60
3938 42
3939 56
3940 45
3941 63
3942 44
3943 47
3944 53
3945 54
3946 58
3947 46
3948 52
3949 50
3950 51
3951 50
3952 67
3953 55
3954 51
3955 51
3956 65
3957 63
3958 56
3959 49
3960 51
3961 45
3962 42
3963 52
3964 52
3965 56
3966 54
3967 50
3968 56
3969 53
3970 52
3971 47
3972 53
3973 51
3974 52
3975 47
3976 45
3977 50
3978 50
3979 46
3980 55
3981 47
3982 54
3983 48
3984 47
3985 59
3986 47
3987 55
3988 50
3989 47
3990 49
3991 55
3992 48
3993 52
3994 54
3995 45
3996 58
3997 42
3998 60
3999 49
4000 50
4001 49
4002 52
4003 56
4004 53
4005 56
4006 53
4007 56
4008 56
4009 49
4010 47
4011 65
4012 58
4013 42
4014 55
4015 52
4016 51
4017 54
4018 50
4019 52
4020 48
4021 39
4022 51
4023 46
4024 60
4025 51
4026 60
4027 57
4028 41
4029 61
4030 56
4031 51
4032 41
4033 48
4034 57
4035 42
4036 47
4037 44
4038 52
4039 43
4040 52
4041 50
4042 50
4043 55
4044 45
4045 50
4046 48
4047 49
4048 59
4049 45
4050 55
4051 49
4052 55
4053 60
4054 58
4055 53
4056 52
4057 52
4058 62
4059 51
4060 59
4061 52
4062 49
4063 54
4064 51
4065 58
4066 62
4067 57
4068 55
4069 52
4070 48
4071 50
4072 53
4073 55
4074 48
4075 49
4076 52
4077 47
4078 53
4079 43
4080 59
4081 57
4082 62
4083 55
4084 47
4085 53
4086 48
4087 54
4088 60
4089 58
4090 36
4091 48
4092 44
4093 71
4094 49
4095 60
4096 62
4097 54
4098 53
4099 58
4100 59
4101 58
4102 51
4103 60
4104 54
4105 48
4106 52
4107 50
4108 61
4109 47
4110 41
4111 54
4112 52
4113 58
4114 55
4115 58
4116 56
4117 54
4118 46
4119 43
4120 57
4121 60
4122 47
4123 51
4124 53
4125 51
4126 51
4127 51
4128 51
4129 56
4130 56
4131 51
4132 58
4133 54
4134 50
4135 51
4136 59
4137 66
4138 60
4139 49
4140 56
4141 54
4142 36
4143 56
4144 51
4145 53
4146 52
4147 48
4148 47
4149 50
4150 48
4151 61
4152 53
4153 52
4154 60
4155 44
4156 52
4157 47
4158 40
4159 60
4160 55
4161 53
4162 46
4163 58
4164 58
4165 56
4166 54
4167 58
4168 54
4169 46
4170 49
4171 55
4172 44
4173 54
4174 49
4175 45
4176 47
4177 69
4178 42
4179 51
4180 56
4181 60
4182 64
4183 46
4184 58
4185 58
4186 66
4187 45
4188 52
4189 55
4190 56
4191 57
4192 63
4193 61
4194 70
4195 45
4196 47
4197 46
4198 49
4199 38
4200 52
4201 57
4202 58
4203 54
4204 56
4205 47
4206 45
4207 51
4208 51
4209 56
4210 49
4211 53
4212 59
4213 50
4214 49
4215 47
4216 48
4217 57
4218 53
4219 52
4220 58
4221 55
4222 56
4223 44
4224 51
4225 61
4226 47
4227 67
4228 58
4229 59
4230 63
4231 46
4232 48
4233 45
4234 62
4235 55
4236 57
4237 45
4238 56
4239 57
4240 59
4241 48
4242 50
4243 43
4244 41
4245 55
4246 58
4247 57
4248 52
4249 48
4250 56
4251 56
4252 54
4253 61
4254 49
4255 51
4256 57
4257 53
4258 53
4259 49
4260 41
4261 55
4262 53
4263 72
4264 57
4265 56
4266 48
4267 49
4268 47
4269 46
4270 50
4271 48
4272 51
4273 59
4274 50
4275 59
4276 52
4277 54
4278 54
4279 63
4280 52
4281 51
4282 56
4283 51
4284 61
4285 60
4286 57
4287 56
4288 48
4289 51
4290 51
4291 57
4292 51
4293 52
4294 57
4295 48
4296 54
4297 56
4298 53
4299 46
4300 49
4301 50
4302 51
4303 61
4304 61
4305 48
4306 44
4307 54
4308 40
4309 61
4310 70
4311 33
4312 50
4313 41
4314 52
4315 49
4316 48
4317 51
4318 38
4319 48
4320 51
4321 47
4322 42
4323 62
4324 51
4325 57
4326 47
4327 58
4328 48
4329 56
4330 45
4331 55
4332 49
4333 43
4334 54
4335 55
4336 57
4337 57
4338 52
4339 44
4340 57
4341 45
4342 58
4343 48
4344 49
4345 56
4346 54
4347 54
4348 47
4349 48
4350 44
4351 54
4352 41
4353 59
4354 43
4355 47
4356 55
4357 51
4358 55
4359 60
4360 55
4361 58
4362 56
4363 46
4364 56
4365 45
4366 50
4367 54
4368 56
4369 62
4370 48
4371 52
4372 62
4373 52
4374 51
4375 49
4376 52
4377 61
4378 43
4379 61
4380 48
4381 54
4382 52
4383 59
4384 60
4385 56
4386 50
4387 56
4388 59
4389 51
4390 56
4391 47
4392 48
4393 48
4394 50
4395 56
4396 42
4397 63
4398 53
4399 61
4400 48
4401 60
4402 59
4403 60
4404 52
4405 48
4406 59
4407 41
4408 52
4409 54
4410 51
4411 50
4412 52
4413 53
4414 55
4415 40
4416 51
4417 47
4418 53
4419 47
4420 42
4421 51
4422 55
4423 56
4424 58
4425 50
4426 50
4427 63
4428 52
4429 56
4430 63
4431 56
4432 50
4433 48
4434 52
4435 42
4436 50
4437 46
4438 53
4439 61
4440 52
4441 48
4442 50
4443 45
4444 41
4445 57
4446 53
4447 61
4448 51
4449 52
4450 51
4451 47
4452 46
4453 59
4454 48
4455 44
4456 58
4457 44
4458 49
4459 54
4460 43
4461 46
4462 64
4463 53
4464 43
4465 48
4466 47
4467 67
4468 58
4469 49
4470 56
4471 59
4472 50
4473 46
4474 42
4475 55
4476 51
4477 50
4478 48
4479 51
4480 59
4481 54
4482 54
4483 53
4484 52
4485 61
4486 60
4487 46
4488 60
4489 55
4490 57
4491 59
4492 61
4493 50
4494 50
4495 61
4496 51
4497 57
4498 61
4499 49
4500 65
4501 57
4502 54
4503 60
4504 49
4505 49
4506 58
4507 55
4508 59
4509 59
4510 53
4511 45
4512 65
4513 58
4514 49
4515 50
4516 51
4517 64
4518 51
4519 53
4520 57
4521 58
4522 55
4523 51
4524 55
4525 48
4526 62
4527 57
4528 50
4529 62
4530 39
4531 53
4532 44
4533 65
4534 45
4535 50
4536 58
4537 56
4538 56
4539 55
4540 57
4541 53
4542 48
4543 53
4544 50
4545 60
4546 48
4547 52
4548 59
4549 57
4550 56
4551 52
4552 53
4553 61
4554 60
4555 62
4556 48
4557 51
4558 65
4559 51
4560 52
4561 55
4562 40
4563 47
4564 51
4565 48
4566 60
4567 50
4568 45
4569 55
4570 57
4571 54
4572 53
4573 58
4574 54
4575 49
4576 52
4577 50
4578 43
4579 62
4580 56
4581 59
4582 51
4583 59
4584 59
4585 53
4586 58
4587 58
4588 44
4589 64
4590 48
4591 57
4592 47
4593 56
4594 51
4595 51
4596 50
4597 59
4598 61
4599 46
4600 58
4601 52
4602 56
4603 51
4604 39
4605 52
4606 57
4607 46
4608 58
4609 58
4610 48
4611 44
4612 57
4613 57
4614 57
4615 50
4616 52
4617 50
4618 50
4619 46
4620 45
4621 54
4622 47
4623 49
4624 53
4625 50
4626 57
4627 44
4628 63
4629 46
4630 42
4631 65
4632 51
4633 56
4634 51
4635 59
4636 54
4637 66
4638 54
4639 51
4640 56
4641 47
4642 54
4643 52
4644 51
4645 54
4646 59
4647 57
4648 56
4649 61
4650 46
4651 45
4652 56
4653 48
4654 62
4655 51
4656 60
4657 50
4658 53
4659 51
4660 53
4661 54
4662 47
4663 50
4664 47
4665 54
4666 47
4667 51
4668 57
4669 56
4670 48
4671 53
4672 50
4673 55
4674 56
4675 47
4676 50
4677 62
4678 46
4679 62
4680 55
4681 46
4682 56
4683 61
4684 58
4685 58
4686 53
4687 49
4688 44
4689 51
4690 60
4691 57
4692 52
4693 43
4694 44
4695 48
4696 44
4697 57
4698 48
4699 58
4700 52
4701 54
4702 51
4703 63
4704 51
4705 56
4706 45
4707 52
4708 47
4709 44
4710 52
4711 54
4712 52
4713 61
4714 58
4715 49
4716 51
4717 65
4718 51
4719 55
4720 46
4721 49
4722 54
4723 47
4724 52
4725 49
4726 49
4727 49
4728 55
4729 53
4730 48
4731 48
4732 55
4733 53
4734 46
4735 48
4736 51
4737 51
4738 52
4739 57
4740 46
4741 57
4742 58
4743 63
4744 52
4745 58
4746 62
4747 52
4748 55
4749 55
4750 59
4751 53
4752 66
4753 52
4754 58
4755 46
4756 55
4757 43
4758 58
4759 54
4760 54
4761 47
4762 58
4763 65
4764 55
4765 48
4766 52
4767 51
4768 58
4769 64
4770 64
4771 56
4772 55
4773 55
4774 57
4775 56
4776 62
4777 50
4778 59
4779 41
4780 49
4781 51
4782 66
4783 58
4784 65
4785 46
4786 49
4787 52
4788 56
4789 56
4790 52
4791 51
4792 54
4793 57
4794 49
4795 57
4796 49
4797 68
4798 47
4799 48
4800 52
4801 105
