0 60
1 67
2 58
3 47
4 60
5 58
6 61
7 66
8 67
9 61
10 55
11 58
12 62
13 52
14 61
15 56
16 64
17 56
18 46
19 55
20 62
21 70
22 54
23 65
24 61
25 50
26 62
27 49
28 60
29 45
30 65
31 59
32 58
33 73
34 49
35 47
36 50
37 56
38 52
39 54
40 69
41 57
42 65
43 46
44 60
45 58
46 65
47 63
48 56
49 65
50 56
51 59
52 58
53 60
54 53
55 53
56 70
57 65
58 51
59 64
60 56
61 67
62 62
63 68
64 62
65 55
66 60
67 59
68 57
69 55
70 61
71 59
72 53
73 59
74 50
75 58
76 55
77 61
78 53
79 61
80 59
81 66
82 64
83 55
84 53
85 62
86 58
87 65
88 65
89 68
90 57
91 59
92 63
93 59
94 52
95 53
96 67
97 53
98 60
99 67
100 58
101 58
102 57
103 46
104 57
105 64
106 64
107 74
108 57
109 61
110 60
111 54
112 67
113 62
114 52
115 74
116 62
117 66
118 51
119 57
120 62
121 67
122 66
123 54
124 57
125 64
126 55
127 56
128 62
129 66
130 62
131 59
132 64
133 56
134 55
135 65
136 55
137 64
138 60
139 65
140 63
141 61
142 65
143 46
144 58
145 57
146 64
147 70
148 56
149 60
150 55
151 72
152 61
153 51
154 52
155 48
156 67
157 54
158 61
159 66
160 52
161 60
162 56
163 72
164 62
165 73
166 64
167 69
168 59
169 62
170 64
171 53
172 52
173 62
174 62
175 53
176 59
177 71
178 61
179 64
180 55
181 63
182 58
183 64
184 50
185 65
186 60
187 67
188 58
189 74
190 64
191 63
192 60
193 57
194 61
195 57
196 56
197 52
198 60
199 56
200 58
201 66
202 64
203 65
204 57
205 62
206 60
207 58
208 56
209 54
210 52
211 54
212 60
213 60
214 68
215 61
216 57
217 66
218 60
219 65
220 62
221 65
222 61
223 61
224 63
225 58
226 59
227 64
228 60
229 61
230 57
231 61
232 60
233 66
234 64
235 52
236 51
237 52
238 62
239 52
240 59
241 59
242 63
243 52
244 72
245 54
246 71
247 64
248 60
249 58
250 52
251 59
252 64
253 71
254 69
255 63
256 61
257 64
258 62
259 63
260 56
261 64
262 57
263 59
264 63
265 54
266 56
267 61
268 61
269 58
270 60
271 60
272 65
273 48
274 61
275 62
276 55
277 59
278 64
279 50
280 68
281 59
282 62
283 59
284 53
285 62
286 55
287 65
288 54
289 52
290 64
291 56
292 48
293 66
294 63
295 67
296 54
297 67
298 81
299 53
300 56
301 57
302 59
303 63
304 63
305 50
306 44
307 44
308 61
309 57
310 55
311 55
312 56
313 58
314 50
315 68
316 57
317 77
318 57
319 54
320 61
321 65
322 60
323 63
324 57
325 61
326 58
327 66
328 71
329 67
330 69
331 49
332 56
333 61
334 67
335 57
336 55
337 64
338 62
339 51
340 51
341 59
342 54
343 56
344 66
345 58
346 51
347 49
348 59
349 50
350 61
351 51
352 63
353 68
354 42
355 49
356 51
357 55
358 57
359 60
360 63
361 57
362 47
363 60
364 45
365 49
366 56
367 53
368 57
369 57
370 66
371 58
372 52
373 63
374 58
375 53
376 69
377 53
378 54
379 58
380 52
381 45
382 47
383 52
384 57
385 52
386 53
387 58
388 61
389 63
390 55
391 53
392 63
393 52
394 52
395 53
396 59
397 53
398 58
399 53
400 57
401 67
402 57
403 68
404 51
405 61
406 58
407 63
408 63
409 56
410 51
411 54
412 55
413 48
414 53
415 61
416 62
417 67
418 68
419 67
420 51
421 62
422 56
423 58
424 51
425 52
426 53
427 49
428 51
429 54
430 43
431 55
432 63
433 49
434 54
435 57
436 49
437 47
438 55
439 66
440 51
441 58
442 58
443 58
444 64
445 50
446 55
447 59
448 62
449 56
450 61
451 51
452 53
453 67
454 50
455 59
456 52
457 68
458 53
459 43
460 55
461 63
462 65
463 50
464 60
465 56
466 68
467 63
468 56
469 54
470 49
471 63
472 55
473 60
474 60
475 51
476 56
477 63
478 58
479 58
480 56
481 58
482 54
483 62
484 62
485 73
486 59
487 61
488 48
489 55
490 53
491 58
492 66
493 55
494 63
495 51
496 58
497 55
498 61
499 53
500 59
501 57
502 47
503 48
504 70
505 57
506 52
507 62
508 54
509 59
510 47
511 53
512 45
513 59
514 60
515 67
516 70
517 57
518 56
519 47
520 61
521 54
522 50
523 56
524 56
525 65
526 60
527 58
528 63
529 54
530 53
531 71
532 52
533 61
534 60
535 65
536 53
537 55
538 54
539 60
540 51
541 58
542 65
543 54
544 56
545 48
546 42
547 60
548 53
549 52
550 61
551 54
552 57
553 59
554 53
555 49
556 56
557 54
558 62
559 53
560 56
561 68
562 68
563 61
564 58
565 60
566 64
567 58
568 49
569 54
570 39
571 64
572 47
573 42
574 48
575 56
576 54
577 64
578 52
579 57
580 57
581 48
582 47
583 54
584 61
585 57
586 49
587 59
588 50
589 47
590 52
591 55
592 59
593 50
594 49
595 37
596 55
597 50
598 52
599 53
600 64
601 52
602 66
603 60
604 52
605 62
606 61
607 69
608 53
609 57
610 57
611 50
612 52
613 60
614 53
615 50
616 62
617 56
618 54
619 58
620 56
621 54
622 48
623 57
624 54
625 53
626 50
627 58
628 54
629 59
630 55
631 56
632 55
633 55
634 56
635 50
636 61
637 52
638 49
639 55
640 64
641 55
642 62
643 53
644 72
645 46
646 67
647 48
648 45
649 49
650 56
651 48
652 60
653 54
654 66
655 50
656 62
657 58
658 54
659 70
660 60
661 51
662 57
663 60
664 60
665 47
666 46
667 63
668 49
669 51
670 51
671 55
672 55
673 51
674 53
675 50
676 51
677 55
678 54
679 65
680 56
681 44
682 61
683 54
684 42
685 59
686 61
687 50
688 49
689 57
690 63
691 57
692 52
693 68
694 52
695 54
696 51
697 65
698 46
699 61
700 49
701 47
702 61
703 60
704 58
705 52
706 61
707 57
708 64
709 60
710 53
711 43
712 50
713 50
714 51
715 46
716 68
717 56
718 61
719 59
720 61
721 61
722 63
723 54
724 54
725 56
726 56
727 56
728 58
729 56
730 54
731 61
732 59
733 53
734 47
735 48
736 61
737 50
738 70
739 55
740 59
741 57
742 56
743 50
744 53
745 53
746 63
747 64
748 55
749 55
750 63
751 63
752 56
753 43
754 57
755 56
756 58
757 60
758 59
759 50
760 53
761 56
762 70
763 70
764 58
765 45
766 53
767 55
768 52
769 55
770 57
771 58
772 50
773 47
774 54
775 62
776 67
777 60
778 48
779 51
780 55
781 53
782 46
783 60
784 59
785 47
786 55
787 45
788 63
789 57
790 66
791 60
792 65
793 66
794 65
795 55
796 54
797 55
798 57
799 52
800 62
801 62
802 56
803 63
804 54
805 50
806 55
807 53
808 55
809 52
810 55
811 58
812 48
813 52
814 47
815 61
816 58
817 54
818 57
819 55
820 51
821 57
822 62
823 56
824 59
825 59
826 60
827 57
828 44
829 52
830 52
831 54
832 65
833 61
834 56
835 62
836 59
837 54
838 44
839 63
840 55
841 67
842 53
843 60
844 44
845 50
846 50
847 62
848 68
849 62
850 55
851 55
852 56
853 69
854 58
855 59
856 76
857 60
858 63
859 49
860 58
861 65
862 51
863 65
864 57
865 64
866 64
867 57
868 64
869 58
870 60
871 51
872 50
873 44
874 57
875 60
876 62
877 61
878 53
879 52
880 49
881 56
882 66
883 63
884 62
885 50
886 61
887 49
888 50
889 66
890 59
891 57
892 61
893 58
894 61
895 55
896 60
897 58
898 54
899 54
900 58
901 65
902 48
903 59
904 64
905 51
906 54
907 58
908 54
909 54
910 58
911 59
912 52
913 52
914 54
915 52
916 56
917 57
918 60
919 62
920 62
921 59
922 61
923 51
924 58
925 50
926 55
927 55
928 60
929 64
930 54
931 56
932 55
933 60
934 52
935 60
936 55
937 58
938 63
939 58
940 65
941 52
942 45
943 59
944 64
945 64
946 50
947 53
948 52
949 53
950 61
951 54
952 58
953 52
954 63
955 61
956 56
957 59
958 63
959 54
960 58
961 60
962 58
963 53
964 61
965 64
966 59
967 53
968 61
969 61
970 62
971 63
972 53
973 64
974 59
975 61
976 58
977 66
978 54
979 58
980 58
981 57
982 60
983 62
984 66
985 59
986 62
987 60
988 51
989 53
990 60
991 46
992 59
993 49
994 50
995 55
996 67
997 55
998 57
999 52
1000 61
1001 46
1002 50
1003 62
1004 49
1005 64
1006 61
1007 53
1008 55
1009 56
1010 60
1011 61
1012 55
1013 58
1014 57
1015 40
1016 63
1017 57
1018 54
1019 59
1020 55
1021 63
1022 47
1023 53
1024 59
1025 53
1026 63
1027 70
1028 53
1029 61
1030 56
1031 67
1032 61
1033 61
1034 59
1035 73
1036 58
1037 65
1038 58
1039 57
1040 60
1041 73
1042 52
1043 51
1044 61
1045 60
1046 54
1047 66
1048 53
1049 59
1050 55
1051 50
1052 60
1053 54
1054 67
1055 56
1056 56
1057 55
1058 57
1059 58
1060 53
1061 55
1062 52
1063 57
1064 60
1065 49
1066 68
1067 55
1068 62
1069 62
1070 66
1071 76
1072 50
1073 52
1074 55
1075 58
1076 59
1077 45
1078 63
1079 58
1080 66
1081 62
1082 51
1083 55
1084 52
1085 56
1086 49
1087 54
1088 57
1089 51
1090 56
1091 54
1092 60
1093 63
1094 53
1095 56
1096 58
1097 58
1098 62
1099 66
1100 49
1101 69
1102 67
1103 59
1104 55
1105 61
1106 56
1107 46
1108 48
1109 57
1110 56
1111 49
1112 57
1113 58
1114 54
1115 57
1116 55
1117 60
1118 51
1119 52
1120 58
1121 55
1122 55
1123 49
1124 72
1125 56
1126 61
1127 60
1128 60
1129 56
1130 62
1131 62
1132 67
1133 48
1134 61
1135 56
1136 59
1137 60
1138 63
1139 55
1140 60
1141 57
1142 66
1143 55
1144 60
1145 68
1146 60
1147 61
1148 57
1149 46
1150 65
1151 60
1152 53
1153 51
1154 55
1155 51
1156 48
1157 59
1158 56
1159 63
1160 50
1161 51
1162 60
1163 58
1164 51
1165 64
1166 51
1167 58
1168 44
1169 57
1170 56
1171 49
1172 53
1173 51
1174 53
1175 57
1176 52
1177 55
1178 51
1179 59
1180 60
1181 57
1182 59
1183 58
1184 59
1185 51
1186 56
1187 54
1188 51
1189 59
1190 66
1191 62
1192 55
1193 60
1194 60
1195 68
1196 62
1197 63
1198 63
1199 62
1200 60
1201 63
1202 68
1203 62
1204 52
1205 64
1206 61
1207 66
1208 66
1209 58
1210 60
1211 60
1212 59
1213 61
1214 62
1215 61
1216 65
1217 55
1218 57
1219 59
1220 60
1221 55
1222 72
1223 61
1224 58
1225 57
1226 63
1227 53
1228 57
1229 43
1230 53
1231 60
1232 47
1233 60
1234 65
1235 55
1236 54
1237 60
1238 51
1239 59
1240 64
1241 59
1242 56
1243 58
1244 46
1245 66
1246 63
1247 55
1248 65
1249 57
1250 57
1251 61
1252 61
1253 59
1254 58
1255 60
1256 61
1257 60
1258 63
1259 70
1260 61
1261 50
1262 59
1263 52
1264 66
1265 61
1266 59
1267 63
1268 61
1269 61
1270 58
1271 59
1272 48
1273 58
1274 67
1275 46
1276 60
1277 53
1278 63
1279 67
1280 55
1281 63
1282 54
1283 60
1284 56
1285 54
1286 68
1287 65
1288 55
1289 58
1290 74
1291 63
1292 60
1293 66
1294 51
1295 58
1296 61
1297 66
1298 59
1299 62
1300 59
1301 68
1302 51
1303 59
1304 58
1305 57
1306 61
1307 54
1308 54
1309 67
1310 49
1311 59
1312 59
1313 58
1314 64
1315 58
1316 62
1317 57
1318 55
1319 66
1320 54
1321 61
1322 55
1323 75
1324 51
1325 46
1326 59
1327 50
1328 63
1329 60
1330 53
1331 61
1332 56
1333 62
1334 65
1335 59
1336 73
1337 71
1338 55
1339 64
1340 52
1341 56
1342 59
1343 63
1344 57
1345 60
1346 48
1347 54
1348 50
1349 60
1350 66
1351 49
1352 44
1353 63
1354 64
1355 58
1356 57
1357 72
1358 71
1359 59
1360 49
1361 59
1362 48
1363 52
1364 54
1365 52
1366 55
1367 68
1368 62
1369 62
1370 65
1371 55
1372 45
1373 60
1374 66
1375 59
1376 65
1377 61
1378 57
1379 68
1380 61
1381 56
1382 47
1383 60
1384 65
1385 59
1386 60
1387 50
1388 69
1389 61
1390 53
1391 61
1392 58
1393 56
1394 64
1395 58
1396 70
1397 63
1398 54
1399 59
1400 53
1401 61
1402 66
1403 55
1404 63
1405 62
1406 72
1407 49
1408 57
1409 59
1410 60
1411 61
1412 53
1413 68
1414 53
1415 49
1416 56
1417 39
1418 63
1419 62
1420 72
1421 64
1422 63
1423 58
1424 56
1425 58
1426 57
1427 51
1428 59
1429 54
1430 53
1431 55
1432 57
1433 61
1434 63
1435 69
1436 67
1437 62
1438 52
1439 61
1440 59
1441 47
1442 56
1443 52
1444 59
1445 55
1446 58
1447 63
1448 61
1449 62
1450 51
1451 59
1452 59
1453 64
1454 50
1455 60
1456 59
1457 58
1458 48
1459 57
1460 62
1461 58
1462 67
1463 60
1464 51
1465 49
1466 56
1467 53
1468 51
1469 61
1470 67
1471 58
1472 60
1473 51
1474 66
1475 56
1476 61
1477 55
1478 50
1479 56
1480 56
1481 49
1482 60
1483 57
1484 50
1485 59
1486 56
1487 52
1488 57
1489 60
1490 62
1491 54
1492 59
1493 51
1494 59
1495 48
1496 59
1497 62
1498 51
1499 59
1500 59
1501 61
1502 57
1503 55
1504 59
1505 60
1506 57
1507 63
1508 56
1509 56
1510 53
1511 61
1512 54
1513 49
1514 51
1515 58
1516 53
1517 68
1518 60
1519 52
1520 57
1521 56
1522 65
1523 62
1524 57
1525 63
1526 43
1527 63
1528 56
1529 53
1530 53
1531 52
1532 58
1533 55
1534 53
1535 60
1536 61
1537 53
1538 57
1539 55
1540 56
1541 66
1542 65
1543 67
1544 54
1545 63
1546 62
1547 53
1548 52
1549 52
1550 59
1551 50
1552 51
1553 61
1554 56
1555 64
1556 57
1557 56
1558 69
1559 55
1560 55
1561 56
1562 55
1563 59
1564 61
1565 57
1566 53
1567 60
1568 62
1569 61
1570 66
1571 66
1572 62
1573 55
1574 47
1575 60
1576 52
1577 61
1578 58
1579 46
1580 61
1581 60
1582 48
1583 55
1584 60
1585 56
1586 61
1587 58
1588 56
1589 58
1590 65
1591 72
1592 60
1593 68
1594 54
1595 53
1596 45
1597 57
1598 56
1599 55
1600 57
1601 53
1602 59
1603 54
1604 68
1605 61
1606 61
1607 55
1608 56
1609 54
1610 54
1611 58
1612 54
1613 58
1614 50
1615 54
1616 64
1617 56
1618 61
1619 61
1620 59
1621 61
1622 49
1623 61
1624 53
1625 56
1626 55
1627 58
1628 51
1629 59
1630 60
1631 62
1632 54
1633 56
1634 58
1635 59
1636 68
1637 56
1638 57
1639 69
1640 52
1641 56
1642 49
1643 61
1644 50
1645 63
1646 65
1647 62
1648 49
1649 68
1650 58
1651 54
1652 47
1653 54
1654 49
1655 53
1656 57
1657 59
1658 54
1659 49
1660 58
1661 52
1662 52
1663 53
1664 47
1665 56
1666 45
1667 56
1668 48
1669 58
1670 46
1671 65
1672 54
1673 63
1674 55
1675 65
1676 55
1677 57
1678 59
1679 65
1680 56
1681 52
1682 60
1683 59
1684 52
1685 53
1686 59
1687 65
1688 57
1689 55
1690 65
1691 60
1692 47
1693 58
1694 63
1695 51
1696 59
1697 58
1698 60
1699 53
1700 67
1701 53
1702 60
1703 58
1704 55
1705 50
1706 55
1707 63
1708 60
1709 59
1710 60
1711 52
1712 58
1713 46
1714 72
1715 56
1716 59
1717 56
1718 67
1719 54
1720 67
1721 55
1722 58
1723 55
1724 53
1725 60
1726 51
1727 67
1728 60
1729 63
1730 57
1731 64
1732 61
1733 72
1734 53
1735 48
1736 47
1737 62
1738 63
1739 56
1740 60
1741 64
1742 56
1743 53
1744 64
1745 54
1746 49
1747 46
1748 57
1749 60
1750 63
1751 60
1752 53
1753 53
1754 63
1755 57
1756 58
1757 49
1758 52
1759 51
1760 56
1761 67
1762 63
1763 65
1764 65
1765 50
1766 68
1767 55
1768 52
1769 59
1770 52
1771 63
1772 55
1773 49
1774 65
1775 53
1776 59
1777 43
1778 52
1779 69
1780 56
1781 60
1782 67
1783 53
1784 52
1785 55
1786 56
1787 54
1788 56
1789 57
1790 57
1791 61
1792 58
1793 60
1794 64
1795 56
1796 60
1797 60
1798 59
1799 52
1800 59
1801 60
1802 50
1803 59
1804 56
1805 60
1806 57
1807 54
1808 52
1809 54
1810 55
1811 50
1812 54
1813 62
1814 58
1815 53
1816 53
1817 60
1818 55
1819 49
1820 58
1821 68
1822 48
1823 58
1824 48
1825 52
1826 55
1827 48
1828 52
1829 43
1830 50
1831 46
1832 59
1833 53
1834 63
1835 55
1836 55
1837 59
1838 53
1839 52
1840 57
1841 60
1842 50
1843 49
1844 47
1845 48
1846 60
1847 66
1848 64
1849 52
1850 53
1851 63
1852 53
1853 64
1854 62
1855 71
1856 56
1857 57
1858 67
1859 57
1860 63
1861 59
1862 52
1863 55
1864 60
1865 60
1866 56
1867 59
1868 57
1869 57
1870 45
1871 55
1872 55
1873 54
1874 65
1875 46
1876 44
1877 63
1878 63
1879 59
1880 61
1881 59
1882 65
1883 64
1884 50
1885 58
1886 59
1887 48
1888 41
1889 59
1890 55
1891 56
1892 63
1893 51
1894 57
1895 57
1896 57
1897 46
1898 60
1899 53
1900 62
1901 60
1902 49
1903 66
1904 61
1905 67
1906 57
1907 66
1908 57
1909 69
1910 66
1911 48
1912 51
1913 54
1914 63
1915 59
1916 48
1917 55
1918 57
1919 65
1920 49
1921 57
1922 73
1923 67
1924 48
1925 60
1926 60
1927 54
1928 62
1929 51
1930 55
1931 62
1932 49
1933 65
1934 61
1935 52
1936 51
1937 60
1938 54
1939 52
1940 41
1941 62
1942 59
1943 67
1944 57
1945 57
1946 54
1947 55
1948 71
1949 42
1950 52
1951 51
1952 58
1953 53
1954 65
1955 52
1956 60
1957 69
1958 59
1959 51
1960 53
1961 54
1962 57
1963 53
1964 52
1965 50
1966 54
1967 55
1968 57
1969 62
1970 52
1971 62
1972 50
1973 60
1974 46
1975 48
1976 51
1977 55
1978 52
1979 57
1980 65
1981 48
1982 45
1983 59
1984 49
1985 55
1986 53
1987 61
1988 64
1989 49
1990 59
1991 52
1992 58
1993 48
1994 61
1995 50
1996 62
1997 56
1998 52
1999 58
2000 60
2001 54
2002 48
2003 67
2004 58
2005 53
2006 60
2007 64
2008 64
2009 52
2010 50
2011 54
2012 61
2013 61
2014 50
2015 51
2016 54
2017 53
2018 42
2019 63
2020 57
2021 56
2022 53
2023 56
2024 61
2025 56
2026 49
2027 66
2028 64
2029 57
2030 59
2031 61
2032 61
2033 52
2034 47
2035 60
2036 59
2037 58
2038 56
2039 54
2040 52
2041 61
2042 56
2043 58
2044 48
2045 58
2046 58
2047 46
2048 63
2049 55
2050 53
2051 49
2052 65
2053 58
2054 50
2055 56
2056 62
2057 52
2058 64
2059 52
2060 50
2061 60
2062 59
2063 53
2064 62
2065 60
2066 47
2067 59
2068 58
2069 63
2070 61
2071 63
2072 49
2073 59
2074 57
2075 55
2076 61
2077 59
2078 60
2079 58
2080 66
2081 44
2082 57
2083 62
2084 56
2085 49
2086 60
2087 66
2088 59
2089 59
2090 59
2091 66
2092 57
2093 68
2094 67
2095 64
2096 60
2097 53
2098 53
2099 64
2100 57
2101 63
2102 64
2103 53
2104 68
2105 66
2106 46
2107 55
2108 53
2109 58
2110 53
2111 52
2112 56
2113 57
2114 52
2115 59
2116 65
2117 65
2118 69
2119 49
2120 55
2121 59
2122 56
2123 68
2124 52
2125 56
2126 64
2127 54
2128 63
2129 51
2130 56
2131 68
2132 63
2133 55
2134 59
2135 61
2136 71
2137 64
2138 60
2139 59
2140 66
2141 59
2142 59
2143 68
2144 66
2145 48
2146 62
2147 56
2148 64
2149 65
2150 58
2151 54
2152 58
2153 56
2154 64
2155 57
2156 50
2157 70
2158 56
2159 45
2160 52
2161 56
2162 51
2163 59
2164 53
2165 50
2166 58
2167 65
2168 52
2169 56
2170 60
2171 61
2172 51
2173 46
2174 62
2175 44
2176 47
2177 58
2178 51
2179 48
2180 55
2181 63
2182 51
2183 49
2184 50
2185 56
2186 59
2187 63
2188 52
2189 55
2190 55
2191 54
2192 54
2193 50
2194 59
2195 63
2196 56
2197 58
2198 56
2199 57
2200 46
2201 57
2202 55
2203 66
2204 64
2205 70
2206 53
2207 60
2208 65
2209 51
2210 56
2211 56
2212 41
2213 54
2214 56
2215 53
2216 55
2217 61
2218 57
2219 51
2220 50
2221 54
2222 56
2223 53
2224 55
2225 59
2226 53
2227 53
2228 47
2229 71
2230 42
2231 59
2232 50
2233 59
2234 53
2235 50
2236 62
2237 56
2238 59
2239 56
2240 54
2241 64
2242 61
2243 54
2244 58
2245 61
2246 59
2247 56
2248 53
2249 57
2250 43
2251 56
2252 46
2253 60
2254 57
2255 52
2256 69
2257 61
2258 59
2259 50
2260 56
2261 57
2262 64
2263 60
2264 59
2265 57
2266 49
2267 50
2268 66
2269 63
2270 52
2271 59
2272 62
2273 52
2274 60
2275 54
2276 60
2277 67
2278 54
2279 57
2280 57
2281 56
2282 62
2283 53
2284 55
2285 62
2286 51
2287 53
2288 54
2289 54
2290 48
2291 60
2292 60
2293 51
2294 55
2295 54
2296 69
2297 55
2298 58
2299 60
2300 59
2301 56
2302 42
2303 48
2304 54
2305 52
2306 53
2307 53
2308 51
2309 55
2310 54
2311 45
2312 48
2313 52
2314 57
2315 68
2316 61
2317 56
2318 59
2319 65
2320 65
2321 61
2322 55
2323 55
2324 53
2325 52
2326 47
2327 59
2328 60
2329 60
2330 59
2331 55
2332 53
2333 59
2334 52
2335 53
2336 63
2337 58
2338 48
2339 57
2340 44
2341 46
2342 53
2343 57
2344 60
2345 47
2346 59
2347 53
2348 61
2349 49
2350 60
2351 53
2352 54
2353 67
2354 57
2355 50
2356 62
2357 59
2358 46
2359 56
2360 63
2361 52
2362 62
2363 49
2364 51
2365 59
2366 40
2367 59
2368 69
2369 57
2370 51
2371 59
2372 58
2373 59
2374 58
2375 57
2376 52
2377 63
2378 56
2379 68
2380 57
2381 64
2382 64
2383 63
2384 62
2385 69
2386 53
2387 57
2388 58
2389 60
2390 52
2391 57
2392 58
2393 50
2394 50
2395 56
2396 57
2397 71
2398 60
2399 48
2400 55
2401 60
2402 66
2403 61
2404 51
2405 53
2406 54
2407 59
2408 57
2409 51
2410 62
2411 60
2412 57
2413 62
2414 64
2415 60
2416 59
2417 54
2418 57
2419 54
2420 56
2421 68
2422 61
2423 63
2424 60
2425 58
2426 56
2427 63
2428 65
2429 58
2430 64
2431 62
2432 54
2433 63
2434 49
2435 66
2436 60
2437 61
2438 67
2439 58
2440 67
2441 63
2442 62
2443 65
2444 60
2445 48
2446 63
2447 59
2448 57
2449 51
2450 58
2451 64
2452 51
2453 63
2454 63
2455 47
2456 64
2457 62
2458 71
2459 60
2460 61
2461 58
2462 62
2463 57
2464 63
2465 51
2466 56
2467 50
2468 68
2469 63
2470 62
2471 62
2472 58
2473 59
2474 56
2475 66
2476 67
2477 56
2478 45
2479 59
2480 66
2481 65
2482 57
2483 60
2484 67
2485 57
2486 54
2487 47
2488 54
2489 58
2490 54
2491 48
2492 61
2493 67
2494 60
2495 64
2496 61
2497 58
2498 71
2499 46
2500 63
2501 58
2502 59
2503 60
2504 61
2505 63
2506 67
2507 59
2508 74
2509 64
2510 57
2511 71
2512 56
2513 58
2514 61
2515 58
2516 55
2517 56
2518 67
2519 61
2520 83
2521 64
2522 59
2523 62
2524 66
2525 71
2526 57
2527 69
2528 62
2529 50
2530 64
2531 58
2532 59
2533 62
2534 60
2535 64
2536 56
2537 58
2538 53
2539 58
2540 66
2541 60
2542 61
2543 52
2544 56
2545 58
2546 58
2547 69
2548 61
2549 65
2550 62
2551 58
2552 70
2553 62
2554 52
2555 60
2556 68
2557 60
2558 62
2559 59
2560 65
2561 52
2562 55
2563 50
2564 63
2565 60
2566 62
2567 64
2568 57
2569 61
2570 65
2571 57
2572 52
2573 61
2574 56
2575 50
2576 60
2577 56
2578 58
2579 54
2580 61
2581 55
2582 57
2583 54
2584 53
2585 55
2586 63
2587 65
2588 51
2589 55
2590 53
2591 48
2592 62
2593 58
2594 59
2595 63
2596 53
2597 50
2598 53
2599 58
2600 60
2601 59
2602 57
2603 53
2604 60
2605 49
2606 60
2607 49
2608 60
2609 57
2610 54
2611 50
2612 63
2613 49
2614 53
2615 62
2616 53
2617 51
2618 61
2619 50
2620 58
2621 53
2622 63
2623 54
2624 58
2625 57
2626 57
2627 61
2628 56
2629 65
2630 59
2631 50
2632 59
2633 64
2634 56
2635 56
2636 58
2637 59
2638 52
2639 55
2640 59
2641 57
2642 60
2643 49
2644 56
2645 53
2646 60
2647 64
2648 52
2649 61
2650 56
2651 59
2652 61
2653 61
2654 61
2655 68
2656 58
2657 63
2658 56
2659 63
2660 54
2661 42
2662 67
2663 58
2664 57
2665 47
2666 62
2667 41
2668 55
2669 50
2670 46
2671 65
2672 57
2673 56
2674 62
2675 61
2676 61
2677 55
2678 53
2679 60
2680 47
2681 57
2682 58
2683 61
2684 59
2685 61
2686 58
2687 60
2688 58
2689 60
2690 44
2691 61
2692 46
2693 55
2694 52
2695 58
2696 67
2697 59
2698 55
2699 50
2700 59
2701 48
2702 55
2703 54
2704 51
2705 52
2706 65
2707 57
2708 68
2709 69
2710 49
2711 75
2712 50
2713 59
2714 54
2715 57
2716 66
2717 57
2718 50
2719 57
2720 51
2721 59
2722 56
2723 46
2724 60
2725 58
2726 51
2727 65
2728 55
2729 41
2730 63
2731 66
2732 54
2733 70
2734 51
2735 62
2736 52
2737 57
2738 63
2739 59
2740 54
2741 58
2742 63
2743 65
2744 60
2745 64
2746 55
2747 60
2748 52
2749 68
2750 66
2751 56
2752 51
2753 53
2754 54
2755 52
2756 53
2757 58
2758 59
2759 54
2760 52
2761 62
2762 50
2763 72
2764 59
2765 56
2766 52
2767 60
2768 56
2769 55
2770 64
2771 59
2772 50
2773 54
2774 52
2775 64
2776 58
2777 53
2778 62
2779 72
2780 66
2781 61
2782 54
2783 62
2784 63
2785 62
2786 61
2787 52
2788 52
2789 49
2790 46
2791 56
2792 56
2793 57
2794 50
2795 43
2796 57
2797 53
2798 51
2799 64
2800 51
2801 43
2802 56
2803 66
2804 57
2805 47
2806 48
2807 57
2808 61
2809 61
2810 57
2811 52
2812 59
2813 57
2814 58
2815 61
2816 60
2817 55
2818 64
2819 45
2820 59
2821 54
2822 48
2823 53
2824 50
2825 53
2826 56
2827 61
2828 58
2829 53
2830 67
2831 62
2832 55
2833 64
2834 71
2835 62
2836 58
2837 54
2838 61
2839 51
2840 68
2841 54
2842 59
2843 54
2844 65
2845 64
2846 51
2847 46
2848 66
2849 66
2850 60
2851 56
2852 61
2853 56
2854 60
2855 63
2856 58
2857 59
2858 62
2859 55
2860 59
2861 52
2862 60
2863 52
2864 66
2865 58
2866 52
2867 43
2868 55
2869 59
2870 56
2871 44
2872 62
2873 56
2874 52
2875 51
2876 73
2877 62
2878 65
2879 63
2880 62
2881 58
2882 56
2883 53
2884 59
2885 60
2886 59
2887 61
2888 51
2889 64
2890 64
2891 57
2892 54
2893 58
2894 48
2895 54
2896 57
2897 54
2898 54
2899 51
2900 64
2901 62
2902 60
2903 60
2904 47
2905 54
2906 56
2907 50
2908 69
2909 58
2910 41
2911 59
2912 56
2913 70
2914 57
2915 50
2916 60
2917 62
2918 51
2919 47
2920 63
2921 45
2922 60
2923 54
2924 58
2925 58
2926 54
2927 60
2928 56
2929 50
2930 47
2931 59
2932 56
2933 53
2934 41
2935 59
2936 64
2937 65
2938 61
2939 59
2940 62
2941 56
2942 53
2943 51
2944 62
2945 49
2946 54
2947 60
2948 50
2949 56
2950 44
2951 50
2952 61
2953 53
2954 65
2955 54
2956 41
2957 62
2958 56
2959 43
2960 55
2961 53
2962 65
2963 61
2964 56
2965 56
2966 66
2967 64
2968 58
2969 56
2970 58
2971 54
2972 60
2973 61
2974 55
2975 52
2976 57
2977 60
2978 68
2979 51
2980 49
2981 57
2982 58
2983 59
2984 52
2985 59
2986 55
2987 53
2988 52
2989 51
2990 63
2991 55
2992 55
2993 71
2994 63
2995 60
2996 62
2997 65
2998 57
2999 55
3000 56
3001 59
3002 38
3003 51
3004 61
3005 48
3006 43
3007 48
3008 59
3009 66
3010 66
3011 51
3012 51
3013 59
3014 57
3015 60
3016 53
3017 69
3018 59
3019 61
3020 58
3021 56
3022 48
3023 59
3024 69
3025 64
3026 67
3027 52
3028 57
3029 53
3030 53
3031 64
3032 65
3033 50
3034 56
3035 60
3036 61
3037 51
3038 54
3039 54
3040 64
3041 64
3042 65
3043 55
3044 69
3045 66
3046 55
3047 65
3048 60
3049 41
3050 64
3051 64
3052 65
3053 55
3054 56
3055 61
3056 55
3057 59
3058 50
3059 49
3060 48
3061 54
3062 62
3063 55
3064 62
3065 49
3066 54
3067 59
3068 52
3069 60
3070 59
3071 55
3072 56
3073 60
3074 49
3075 45
3076 60
3077 60
3078 51
3079 58
3080 68
3081 56
3082 50
3083 58
3084 56
3085 66
3086 58
3087 56
3088 60
3089 54
3090 59
3091 59
3092 59
3093 53
3094 56
3095 49
3096 53
3097 66
3098 56
3099 52
3100 58
3101 48
3102 52
3103 63
3104 55
3105 57
3106 62
3107 58
3108 62
3109 51
3110 63
3111 58
3112 60
3113 54
3114 57
3115 61
3116 55
3117 48
3118 63
3119 56
3120 66
3121 64
3122 57
3123 63
3124 58
3125 60
3126 58
3127 69
3128 59
3129 58
3130 55
3131 68
3132 58
3133 58
3134 53
3135 64
3136 48
3137 61
3138 70
3139 49
3140 54
3141 54
3142 58
3143 63
3144 52
3145 54
3146 67
3147 66
3148 58
3149 49
3150 59
3151 59
3152 56
3153 56
3154 62
3155 50
3156 52
3157 55
3158 64
3159 60
3160 53
3161 66
3162 55
3163 53
3164 47
3165 53
3166 71
3167 62
3168 63
3169 62
3170 60
3171 55
3172 64
3173 55
3174 68
3175 54
3176 56
3177 49
3178 60
3179 55
3180 63
3181 57
3182 65
3183 66
3184 60
3185 53
3186 66
3187 54
3188 54
3189 58
3190 61
3191 56
3192 56
3193 64
3194 61
3195 52
3196 54
3197 61
3198 69
3199 61
3200 45
3201 67
3202 62
3203 60
3204 58
3205 60
3206 57
3207 56
3208 63
3209 67
3210 57
3211 64
3212 66
3213 62
3214 58
3215 63
3216 63
3217 58
3218 52
3219 68
3220 40
3221 50
3222 58
3223 63
3224 63
3225 55
3226 55
3227 57
3228 58
3229 56
3230 66
3231 62
3232 71
3233 52
3234 52
3235 61
3236 56
3237 62
3238 54
3239 57
3240 60
3241 59
3242 66
3243 58
3244 46
3245 51
3246 58
3247 58
3248 59
3249 53
3250 59
3251 58
3252 67
3253 54
3254 68
3255 61
3256 54
3257 54
3258 55
3259 59
3260 61
3261 59
3262 72
3263 63
3264 59
3265 64
3266 65
3267 48
3268 57
3269 65
3270 55
3271 57
3272 52
3273 48
3274 56
3275 50
3276 62
3277 55
3278 58
3279 55
3280 64
3281 59
3282 65
3283 55
3284 49
3285 56
3286 57
3287 62
3288 62
3289 60
3290 45
3291 73
3292 61
3293 52
3294 59
3295 50
3296 53
3297 69
3298 71
3299 57
3300 59
3301 48
3302 61
3303 54
3304 56
3305 55
3306 53
3307 60
3308 65
3309 59
3310 54
3311 54
3312 51
3313 67
3314 58
3315 59
3316 62
3317 64
3318 73
3319 59
3320 63
3321 76
3322 59
3323 63
3324 49
3325 56
3326 56
3327 56
3328 63
3329 62
3330 66
3331 59
3332 57
3333 68
3334 66
3335 64
3336 49
3337 58
3338 62
3339 70
3340 59
3341 55
3342 74
3343 55
3344 44
3345 54
3346 66
3347 54
3348 57
3349 67
3350 54
3351 54
3352 59
3353 51
3354 68
3355 67
3356 60
3357 60
3358 62
3359 66
3360 51
3361 69
3362 69
3363 49
3364 75
3365 64
3366 66
3367 58
3368 49
3369 55
3370 55
3371 56
3372 52
3373 63
3374 55
3375 58
3376 64
3377 50
3378 56
3379 54
3380 52
3381 58
3382 48
3383 56
3384 55
3385 52
3386 56
3387 56
3388 73
3389 65
3390 51
3391 57
3392 56
3393 58
3394 64
3395 54
3396 58
3397 48
3398 48
3399 64
3400 59
3401 60
3402 64
3403 59
3404 67
3405 57
3406 52
3407 55
3408 70
3409 53
3410 59
3411 60
3412 54
3413 59
3414 58
3415 53
3416 54
3417 63
3418 54
3419 53
3420 63
3421 60
3422 57
3423 65
3424 64
3425 62
3426 60
3427 64
3428 58
3429 55
3430 57
3431 62
3432 70
3433 52
3434 55
3435 49
3436 59
3437 51
3438 58
3439 64
3440 63
3441 65
3442 62
3443 65
3444 63
3445 58
3446 60
3447 62
3448 55
3449 52
3450 71
3451 62
3452 56
3453 61
3454 62
3455 53
3456 50
3457 66
3458 56
3459 58
3460 67
3461 60
3462 55
3463 48
3464 60
3465 63
3466 65
3467 55
3468 69
3469 59
3470 63
3471 55
3472 64
3473 63
3474 66
3475 67
3476 61
3477 56
3478 60
3479 70
3480 61
3481 65
3482 67
3483 60
3484 55
3485 64
3486 55
3487 64
3488 56
3489 59
3490 62
3491 54
3492 46
3493 65
3494 57
3495 53
3496 54
3497 61
3498 50
3499 58
3500 59
3501 54
3502 58
3503 50
3504 55
3505 65
3506 62
3507 58
3508 61
3509 56
3510 50
3511 65
3512 68
3513 57
3514 53
3515 57
3516 61
3517 66
3518 56
3519 64
3520 64
3521 63
3522 56
3523 62
3524 50
3525 59
3526 66
3527 64
3528 55
3529 54
3530 49
3531 53
3532 56
3533 51
3534 52
3535 58
3536 64
3537 54
3538 55
3539 59
3540 60
3541 67
3542 48
3543 50
3544 57
3545 62
3546 64
3547 53
3548 53
3549 57
3550 42
3551 62
3552 63
3553 53
3554 49
3555 54
3556 53
3557 62
3558 66
3559 59
3560 43
3561 68
3562 57
3563 57
3564 63
3565 50
3566 49
3567 66
3568 58
3569 54
3570 53
3571 62
3572 51
3573 55
3574 53
3575 63
3576 53
3577 60
3578 48
3579 53
3580 45
3581 44
3582 61
3583 64
3584 54
3585 55
3586 48
3587 59
3588 54
3589 55
3590 56
3591 64
3592 60
3593 53
3594 60
3595 54
3596 57
3597 60
3598 59
3599 51
3600 59
3601 50
3602 48
3603 60
3604 46
3605 59
3606 50
3607 70
3608 48
3609 57
3610 53
3611 52
3612 54
3613 60
3614 56
3615 55
3616 61
3617 60
3618 61
3619 51
3620 66
3621 61
3622 50
3623 55
3624 61
3625 53
3626 51
3627 65
3628 57
3629 64
3630 59
3631 59
3632 53
3633 51
3634 53
3635 60
3636 60
3637 57
3638 61
3639 41
3640 68
3641 55
3642 43
3643 63
3644 58
3645 52
3646 57
3647 46
3648 56
3649 59
3650 58
3651 72
3652 60
3653 58
3654 61
3655 65
3656 64
3657 54
3658 53
3659 57
3660 70
3661 59
3662 63
3663 52
3664 65
3665 61
3666 63
3667 65
3668 62
3669 62
3670 50
3671 54
3672 53
3673 55
3674 59
3675 51
3676 51
3677 56
3678 57
3679 64
3680 56
3681 62
3682 48
3683 54
3684 56
3685 60
3686 56
3687 53
3688 62
3689 70
3690 49
3691 58
3692 49
3693 59
3694 56
3695 57
3696 63
3697 62
3698 40
3699 67
3700 58
3701 52
3702 59
3703 57
3704 55
3705 64
3706 52
3707 54
3708 59
3709 48
3710 60
3711 58
3712 66
3713 57
3714 52
3715 45
3716 51
3717 64
3718 61
3719 55
3720 69
3721 44
3722 57
3723 60
3724 64
3725 54
3726 64
3727 45
3728 55
3729 57
3730 54
3731 49
3732 56
3733 62
3734 58
3735 62
3736 54
3737 55
3738 40
3739 56
3740 63
3741 50
3742 49
3743 40
3744 51
3745 55
3746 52
3747 62
3748 66
3749 61
3750 59
3751 55
3752 54
3753 48
3754 55
3755 49
3756 56
3757 63
3758 56
3759 57
3760 50
3761 58
3762 54
3763 58
3764 50
3765 59
3766 49
3767 62
3768 65
3769 59
3770 60
3771 57
3772 63
3773 55
3774 48
3775 55
3776 59
3777 55
3778 51
3779 42
3780 53
3781 54
3782 56
3783 57
3784 49
3785 53
3786 50
3787 59
3788 52
3789 51
3790 56
3791 56
3792 61
3793 60
3794 57
3795 52
3796 57
3797 48
3798 45
3799 63
3800 59
3801 53
3802 45
3803 46
3804 52
3805 52
3806 49
3807 64
3808 56
3809 42
3810 52
3811 57
3812 69
3813 59
3814 57
3815 68
3816 64
3817 54
3818 67
3819 58
3820 44
3821 60
3822 58
3823 60
3824 54
3825 51
3826 64
3827 54
3828 55
3829 53
3830 51
3831 65
3832 64
3833 53
3834 58
3835 53
3836 62
3837 56
3838 57
3839 61
3840 67
3841 49
3842 51
3843 58
3844 64
3845 56
3846 60
3847 41
3848 55
3849 52
3850 57
3851 42
3852 55
3853 63
3854 50
3855 50
3856 55
3857 59
3858 51
3859 53
3860 57
3861 62
3862 47
3863 63
3864 52
3865 57
3866 49
3867 66
3868 54
3869 55
3870 62
3871 59
3872 52
3873 61
3874 52
3875 57
3876 67
3877 54
3878 59
3879 54
3880 45
3881 54
3882 55
3883 59
3884 54
3885 69
3886 60
3887 61
3888 54
3889 59
3890 55
3891 53
3892 54
3893 54
3894 61
3895 60
3896 60
3897 60
3898 56
3899 52
3900 63
3901 65
3902 54
3903 61
3904 56
3905 53
3906 59
3907 56
3908 61
3909 65
3910 61
3911 60
3912 58
3913 61
3914 64
3915 51
3916 55
3917 52
3918 49
3919 59
3920 56
3921 54
3922 60
3923 55
3924 55
3925 62
3926 51
3927 66
3928 63
3929 57
3930 48
3931 60
3932 54
3933 58
3934 67
3935 57
3936 64
3937 56
3938 55
3939 47
3940 53
3941 59
3942 53
3943 54
3944 57
3945 63
3946 50
3947 63
3948 53
3949 63
3950 56
3951 45
3952 43
3953 54
3954 55
3955 62
3956 53
3957 68
3958 56
3959 53
3960 52
3961 58
3962 61
3963 56
3964 70
3965 49
3966 54
3967 47
3968 59
3969 59
3970 54
3971 62
3972 62
3973 42
3974 55
3975 50
3976 66
3977 57
3978 50
3979 60
3980 46
3981 54
3982 53
3983 54
3984 53
3985 55
3986 53
3987 55
3988 58
3989 54
3990 54
3991 53
3992 49
3993 51
3994 58
3995 53
3996 58
3997 44
3998 54
3999 64
4000 48
4001 69
4002 63
4003 50
4004 59
4005 58
4006 63
4007 55
4008 64
4009 47
4010 53
4011 52
4012 53
4013 51
4014 59
4015 62
4016 61
4017 55
4018 57
4019 66
4020 60
4021 53
4022 60
4023 53
4024 48
4025 48
4026 62
4027 57
4028 59
4029 57
4030 57
4031 56
4032 60
4033 61
4034 53
4035 55
4036 45
4037 48
4038 44
4039 62
4040 47
4041 61
4042 55
4043 52
4044 52
4045 54
4046 64
4047 57
4048 60
4049 48
4050 55
4051 56
4052 63
4053 57
4054 59
4055 45
4056 54
4057 48
4058 69
4059 49
4060 57
4061 57
4062 62
4063 59
4064 55
4065 48
4066 51
4067 56
4068 45
4069 45
4070 56
4071 57
4072 57
4073 50
4074 61
4075 58
4076 62
4077 50
4078 58
4079 54
4080 58
4081 63
4082 68
4083 60
4084 50
4085 69
4086 58
4087 73
4088 63
4089 47
4090 56
4091 58
4092 57
4093 46
4094 53
4095 53
4096 56
4097 62
4098 57
4099 53
4100 51
4101 59
4102 50
4103 59
4104 46
4105 60
4106 54
4107 49
4108 58
4109 56
4110 68
4111 49
4112 56
4113 67
4114 71
4115 61
4116 54
4117 65
4118 51
4119 70
4120 68
4121 49
4122 57
4123 54
4124 65
4125 60
4126 68
4127 68
4128 58
4129 55
4130 55
4131 58
4132 61
4133 48
4134 66
4135 55
4136 64
4137 64
4138 52
4139 66
4140 54
4141 62
4142 62
4143 56
4144 64
4145 52
4146 63
4147 50
4148 55
4149 59
4150 69
4151 52
4152 58
4153 53
4154 49
4155 64
4156 58
4157 58
4158 46
4159 57
4160 70
4161 57
4162 66
4163 67
4164 53
4165 52
4166 53
4167 56
4168 62
4169 52
4170 57
4171 53
4172 41
4173 59
4174 58
4175 49
4176 55
4177 45
4178 49
4179 51
4180 57
4181 56
4182 63
4183 44
4184 41
4185 57
4186 60
4187 65
4188 67
4189 48
4190 46
4191 62
4192 64
4193 57
4194 57
4195 54
4196 53
4197 41
4198 46
4199 58
4200 51
4201 65
4202 52
4203 63
4204 66
4205 53
4206 51
4207 52
4208 49
4209 56
4210 50
4211 54
4212 43
4213 59
4214 53
4215 61
4216 59
4217 60
4218 66
4219 55
4220 54
4221 56
4222 64
4223 61
4224 61
4225 54
4226 63
4227 52
4228 60
4229 63
4230 57
4231 51
4232 55
4233 48
4234 59
4235 61
4236 59
4237 49
4238 58
4239 58
4240 48
4241 61
4242 54
4243 60
4244 42
4245 59
4246 59
4247 57
4248 63
4249 63
4250 56
4251 61
4252 53
4253 60
4254 48
4255 56
4256 57
4257 55
4258 52
4259 51
4260 60
4261 63
4262 50
4263 57
4264 56
4265 54
4266 55
4267 62
4268 57
4269 48
4270 43
4271 50
4272 51
4273 52
4274 57
4275 42
4276 58
4277 58
4278 56
4279 67
4280 53
4281 64
4282 48
4283 61
4284 48
4285 71
4286 61
4287 54
4288 52
4289 68
4290 56
4291 60
4292 76
4293 47
4294 68
4295 56
4296 64
4297 57
4298 55
4299 52
4300 59
4301 66
4302 52
4303 70
4304 63
4305 55
4306 62
4307 66
4308 49
4309 69
4310 46
4311 64
4312 70
4313 63
4314 58
4315 52
4316 58
4317 56
4318 58
4319 51
4320 50
4321 60
4322 46
4323 66
4324 59
4325 71
4326 46
4327 59
4328 54
4329 53
4330 64
4331 64
4332 58
4333 57
4334 55
4335 57
4336 52
4337 52
4338 64
4339 56
4340 52
4341 52
4342 47
4343 58
4344 72
4345 70
4346 59
4347 50
4348 62
4349 60
4350 63
4351 58
4352 55
4353 54
4354 50
4355 65
4356 45
4357 41
4358 58
4359 53
4360 47
4361 47
4362 53
4363 67
4364 55
4365 63
4366 48
4367 55
4368 64
4369 55
4370 56
4371 57
4372 57
4373 62
4374 70
4375 65
4376 58
4377 54
4378 59
4379 61
4380 67
4381 60
4382 52
4383 61
4384 60
4385 59
4386 62
4387 62
4388 56
4389 59
4390 55
4391 47
4392 60
4393 64
4394 69
4395 58
4396 57
4397 46
4398 57
4399 60
4400 55
4401 58
4402 61
4403 55
4404 65
4405 69
4406 59
4407 58
4408 53
4409 58
4410 60
4411 56
4412 59
4413 53
4414 61
4415 63
4416 64
4417 56
4418 61
4419 67
4420 62
4421 51
4422 58
4423 58
4424 56
4425 56
4426 66
4427 63
4428 56
4429 58
4430 63
4431 63
4432 66
4433 55
4434 54
4435 58
4436 51
4437 61
4438 55
4439 59
4440 52
4441 50
4442 65
4443 60
4444 63
4445 63
4446 52
4447 64
4448 64
4449 49
4450 55
4451 54
4452 58
4453 63
4454 53
4455 56
4456 66
4457 51
4458 55
4459 54
4460 57
4461 62
4462 55
4463 58
4464 61
4465 44
4466 62
4467 56
4468 58
4469 72
4470 59
4471 61
4472 65
4473 57
4474 68
4475 59
4476 60
4477 53
4478 55
4479 55
4480 61
4481 54
4482 54
4483 52
4484 63
4485 51
4486 53
4487 60
4488 67
4489 60
4490 67
4491 59
4492 71
4493 41
4494 69
4495 69
4496 53
4497 52
4498 59
4499 51
4500 62
4501 62
4502 59
4503 63
4504 43
4505 60
4506 54
4507 53
4508 67
4509 60
4510 55
4511 57
4512 69
4513 59
4514 52
4515 63
4516 58
4517 49
4518 62
4519 59
4520 51
4521 67
4522 61
4523 54
4524 51
4525 60
4526 62
4527 52
4528 55
4529 55
4530 59
4531 59
4532 62
4533 55
4534 63
4535 49
4536 62
4537 56
4538 58
4539 62
4540 58
4541 67
4542 62
4543 53
4544 58
4545 64
4546 55
4547 63
4548 50
4549 59
4550 58
4551 59
4552 54
4553 56
4554 62
4555 63
4556 70
4557 57
4558 61
4559 58
4560 50
4561 56
4562 60
4563 56
4564 54
4565 57
4566 58
4567 63
4568 58
4569 61
4570 52
4571 61
4572 71
4573 54
4574 51
4575 62
4576 49
4577 61
4578 62
4579 56
4580 69
4581 47
4582 63
4583 53
4584 58
4585 58
4586 58
4587 64
4588 51
4589 58
4590 56
4591 58
4592 54
4593 61
4594 56
4595 60
4596 47
4597 64
4598 51
4599 56
4600 58
4601 65
4602 59
4603 61
4604 57
4605 66
4606 58
4607 60
4608 56
4609 67
4610 56
4611 63
4612 53
4613 52
4614 57
4615 64
4616 61
4617 50
4618 56
4619 58
4620 63
4621 40
4622 60
4623 58
4624 42
4625 49
4626 47
4627 61
4628 60
4629 54
4630 55
4631 53
4632 59
4633 53
4634 58
4635 50
4636 55
4637 58
4638 57
4639 46
4640 62
4641 67
4642 59
4643 58
4644 52
4645 73
4646 57
4647 57
4648 52
4649 50
4650 61
4651 47
4652 53
4653 61
4654 54
4655 63
4656 61
4657 58
4658 58
4659 58
4660 59
4661 65
4662 64
4663 57
4664 60
4665 64
4666 53
4667 56
4668 61
4669 60
4670 62
4671 67
4672 63
4673 55
4674 58
4675 52
4676 47
4677 60
4678 55
4679 67
4680 54
4681 41
4682 62
4683 66
4684 59
4685 57
4686 62
4687 53
4688 63
4689 65
4690 66
4691 56
4692 62
4693 54
4694 61
4695 55
4696 65
4697 49
4698 53
4699 57
4700 49
4701 51
4702 63
4703 63
4704 54
4705 57
4706 60
4707 52
4708 54
4709 56
4710 58
4711 52
4712 53
4713 50
4714 60
4715 50
4716 60
4717 52
4718 54
4719 60
4720 63
4721 58
4722 59
4723 61
4724 48
4725 59
4726 61
4727 53
4728 59
4729 64
4730 58
4731 56
4732 67
4733 55
4734 58
4735 57
4736 60
4737 53
4738 45
4739 62
4740 49
4741 54
4742 56
4743 56
4744 51
4745 52
4746 54
4747 59
4748 59
4749 53
4750 64
4751 54
4752 51
4753 57
4754 55
4755 61
4756 53
4757 45
4758 54
4759 58
4760 60
4761 57
4762 57
4763 53
4764 56
4765 60
4766 58
4767 48
4768 64
4769 68
4770 59
4771 50
4772 51
4773 45
4774 50
4775 58
4776 64
4777 63
4778 43
4779 45
4780 63
4781 56
4782 56
4783 65
4784 59
4785 63
4786 57
4787 60
4788 61
4789 51
4790 60
4791 53
4792 56
4793 52
4794 46
4795 55
4796 58
4797 55
4798 59
4799 51
4800 72
4801 100
