0 61
1 63
2 70
3 62
4 60
5 52
6 60
7 62
8 63
9 65
10 66
11 68
12 74
13 80
14 53
15 66
16 59
17 64
18 64
19 56
20 47
21 81
22 60
23 51
24 59
25 60
26 57
27 65
28 54
29 61
30 69
31 58
32 57
33 54
34 64
35 60
36 58
37 63
38 62
39 74
40 69
41 62
42 62
43 67
44 54
45 56
46 52
47 71
48 69
49 66
50 64
51 59
52 67
53 73
54 61
55 68
56 70
57 55
58 61
59 72
60 70
61 57
62 53
63 52
64 52
65 65
66 64
67 55
68 74
69 65
70 60
71 62
72 52
73 62
74 77
75 71
76 72
77 67
78 60
79 62
80 62
81 58
82 78
83 69
84 65
85 60
86 66
87 69
88 68
89 51
90 67
91 60
92 52
93 59
94 59
95 72
96 53
97 56
98 52
99 57
100 70
101 56
102 53
103 53
104 62
105 58
106 64
107 54
108 68
109 62
110 55
111 64
112 54
113 62
114 60
115 56
116 69
117 63
118 66
119 56
120 64
121 74
122 64
123 61
124 67
125 59
126 60
127 56
128 65
129 55
130 53
131 65
132 54
133 56
134 63
135 60
136 60
137 62
138 52
139 52
140 76
141 61
142 54
143 52
144 73
145 58
146 60
147 46
148 57
149 61
150 57
151 63
152 70
153 53
154 56
155 61
156 48
157 59
158 57
159 69
160 47
161 57
162 57
163 49
164 63
165 49
166 60
167 57
168 69
169 53
170 55
171 60
172 64
173 50
174 66
175 61
176 61
177 60
178 57
179 65
180 64
181 64
182 52
183 51
184 56
185 53
186 66
187 66
188 59
189 55
190 68
191 63
192 66
193 54
194 61
195 67
196 69
197 53
198 57
199 60
200 63
201 67
202 66
203 61
204 57
205 59
206 58
207 62
208 54
209 60
210 47
211 66
212 79
213 64
214 66
215 56
216 59
217 60
218 65
219 64
220 54
221 54
222 52
223 54
224 65
225 47
226 56
227 56
228 70
229 45
230 50
231 68
232 55
233 59
234 56
235 57
236 59
237 69
238 61
239 51
240 60
241 55
242 58
243 49
244 56
245 67
246 56
247 55
248 51
249 66
250 55
251 56
252 54
253 65
254 73
255 65
256 63
257 60
258 57
259 53
260 49
261 56
262 55
263 52
264 56
265 64
266 59
267 57
268 54
269 54
270 70
271 61
272 66
273 63
274 57
275 63
276 56
277 60
278 65
279 64
280 61
281 66
282 56
283 63
284 68
285 55
286 51
287 55
288 60
289 70
290 63
291 65
292 54
293 52
294 60
295 53
296 53
297 55
298 56
299 53
300 49
301 58
302 54
303 62
304 67
305 64
306 67
307 62
308 54
309 50
310 63
311 58
312 62
313 61
314 58
315 58
316 61
317 59
318 48
319 55
320 59
321 51
322 55
323 66
324 53
325 54
326 54
327 54
328 60
329 51
330 63
331 52
332 62
333 56
334 58
335 70
336 65
337 66
338 63
339 68
340 54
341 63
342 65
343 54
344 62
345 62
346 61
347 60
348 59
349 52
350 58
351 56
352 57
353 64
354 59
355 59
356 55
357 63
358 76
359 68
360 57
361 64
362 56
363 67
364 57
365 64
366 52
367 56
368 54
369 58
370 64
371 54
372 69
373 60
374 59
375 52
376 67
377 60
378 58
379 51
380 67
381 46
382 51
383 49
384 52
385 60
386 51
387 68
388 67
389 55
390 50
391 49
392 71
393 58
394 65
395 55
396 67
397 61
398 62
399 57
400 61
401 58
402 69
403 64
404 71
405 59
406 54
407 61
408 47
409 61
410 65
411 62
412 59
413 69
414 53
415 58
416 65
417 52
418 67
419 60
420 59
421 51
422 60
423 63
424 55
425 64
426 55
427 50
428 54
429 62
430 63
431 60
432 56
433 62
434 50
435 55
436 62
437 62
438 58
439 65
440 62
441 54
442 64
443 74
444 58
445 59
446 60
447 59
448 57
449 56
450 48
451 58
452 50
453 55
454 59
455 57
456 54
457 58
458 58
459 60
460 58
461 57
462 65
463 57
464 59
465 57
466 60
467 59
468 58
469 57
470 65
471 54
472 56
473 66
474 51
475 50
476 53
477 61
478 59
479 54
480 60
481 60
482 51
483 64
484 67
485 47
486 63
487 62
488 56
489 51
490 61
491 63
492 45
493 63
494 73
495 49
496 63
497 60
498 63
499 57
500 65
501 57
502 55
503 53
504 48
505 60
506 66
507 58
508 50
509 52
510 55
511 56
512 64
513 65
514 60
515 54
516 45
517 63
518 67
519 51
520 51
521 60
522 68
523 65
524 63
525 55
526 57
527 57
528 56
529 63
530 58
531 65
532 55
533 59
534 61
535 58
536 62
537 51
538 57
539 58
540 52
541 57
542 61
543 66
544 55
545 54
546 66
547 48
548 60
549 54
550 44
551 51
552 59
553 59
554 59
555 48
556 59
557 49
558 47
559 46
560 52
561 47
562 57
563 59
564 51
565 50
566 56
567 61
568 52
569 44
570 57
571 59
572 51
573 56
574 63
575 60
576 45
577 53
578 48
579 56
580 58
581 58
582 54
583 56
584 44
585 50
586 61
587 58
588 52
589 50
590 59
591 56
592 54
593 63
594 63
595 51
596 50
597 53
598 48
599 63
600 67
601 64
602 56
603 47
604 60
605 59
606 54
607 69
608 57
609 73
610 55
611 48
612 57
613 71
614 57
615 70
616 55
617 55
618 57
619 43
620 54
621 44
622 49
623 54
624 52
625 51
626 57
627 55
628 67
629 42
630 54
631 53
632 66
633 53
634 60
635 60
636 55
637 58
638 60
639 49
640 64
641 64
642 61
643 53
644 61
645 55
646 49
647 46
648 57
649 46
650 45
651 60
652 53
653 52
654 70
655 74
656 58
657 57
658 54
659 48
660 65
661 60
662 54
663 60
664 59
665 52
666 50
667 51
668 55
669 73
670 49
671 49
672 61
673 59
674 56
675 61
676 62
677 51
678 45
679 58
680 56
681 58
682 68
683 58
684 59
685 58
686 53
687 56
688 65
689 49
690 52
691 65
692 59
693 42
694 64
695 55
696 60
697 56
698 63
699 60
700 55
701 48
702 53
703 47
704 59
705 58
706 63
707 52
708 57
709 70
710 55
711 60
712 67
713 50
714 64
715 71
716 62
717 61
718 62
719 69
720 54
721 62
722 51
723 44
724 51
725 62
726 57
727 61
728 52
729 62
730 59
731 66
732 56
733 57
734 65
735 50
736 61
737 65
738 64
739 62
740 55
741 53
742 72
743 57
744 57
745 70
746 62
747 57
748 65
749 53
750 65
751 62
752 56
753 57
754 57
755 72
756 58
757 65
758 55
759 59
760 61
761 56
762 58
763 62
764 51
765 55
766 56
767 58
768 58
769 67
770 63
771 57
772 56
773 58
774 71
775 48
776 58
777 55
778 65
779 59
780 54
781 65
782 53
783 61
784 62
785 60
786 68
787 56
788 58
789 63
790 58
791 56
792 59
793 49
794 65
795 56
796 62
797 51
798 47
799 60
800 54
801 59
802 56
803 61
804 57
805 52
806 65
807 57
808 67
809 63
810 60
811 72
812 55
813 55
814 51
815 68
816 63
817 65
818 65
819 55
820 61
821 60
822 55
823 64
824 54
825 66
826 60
827 54
828 60
829 53
830 63
831 56
832 61
833 64
834 59
835 62
836 61
837 51
838 67
839 58
840 56
841 52
842 66
843 57
844 48
845 60
846 73
847 67
848 62
849 68
850 57
851 57
852 56
853 59
854 58
855 55
856 65
857 66
858 68
859 61
860 55
861 63
862 53
863 49
864 60
865 54
866 50
867 55
868 59
869 65
870 58
871 50
872 64
873 63
874 61
875 56
876 58
877 49
878 60
879 67
880 55
881 54
882 66
883 58
884 64
885 63
886 52
887 54
888 55
889 59
890 61
891 52
892 55
893 59
894 51
895 62
896 60
897 67
898 55
899 52
900 64
901 64
902 63
903 55
904 66
905 64
906 62
907 57
908 66
909 59
910 59
911 66
912 60
913 53
914 57
915 63
916 52
917 52
918 48
919 60
920 52
921 51
922 55
923 70
924 52
925 55
926 56
927 55
928 54
929 55
930 51
931 60
932 54
933 54
934 52
935 64
936 51
937 58
938 62
939 62
940 51
941 72
942 55
943 51
944 61
945 55
946 46
947 65
948 52
949 58
950 59
951 55
952 50
953 53
954 54
955 63
956 49
957 59
958 55
959 57
960 52
961 54
962 48
963 70
964 57
965 62
966 66
967 60
968 51
969 54
970 64
971 59
972 63
973 62
974 58
975 63
976 63
977 57
978 64
979 69
980 60
981 75
982 61
983 65
984 71
985 57
986 50
987 64
988 65
989 56
990 51
991 67
992 48
993 56
994 67
995 74
996 57
997 67
998 65
999 63
1000 62
1001 67
1002 53
1003 71
1004 69
1005 69
1006 62
1007 66
1008 54
1009 58
1010 60
1011 66
1012 59
1013 70
1014 62
1015 59
1016 66
1017 61
1018 68
1019 61
1020 57
1021 60
1022 48
1023 52
1024 63
1025 57
1026 63
1027 59
1028 48
1029 58
1030 64
1031 54
1032 68
1033 61
1034 58
1035 61
1036 49
1037 57
1038 67
1039 62
1040 59
1041 55
1042 54
1043 60
1044 63
1045 61
1046 61
1047 64
1048 63
1049 60
1050 55
1051 53
1052 62
1053 52
1054 64
1055 59
1056 51
1057 59
1058 52
1059 56
1060 63
1061 53
1062 61
1063 62
1064 51
1065 51
1066 62
1067 63
1068 60
1069 59
1070 56
1071 59
1072 48
1073 64
1074 57
1075 70
1076 59
1077 55
1078 52
1079 66
1080 62
1081 61
1082 66
1083 47
1084 54
1085 59
1086 59
1087 54
1088 58
1089 65
1090 55
1091 58
1092 56
1093 63
1094 58
1095 60
1096 65
1097 53
1098 64
1099 64
1100 53
1101 74
1102 70
1103 49
1104 55
1105 68
1106 51
1107 59
1108 59
1109 57
1110 57
1111 60
1112 53
1113 47
1114 51
1115 60
1116 53
1117 49
1118 55
1119 67
1120 63
1121 62
1122 54
1123 46
1124 59
1125 58
1126 64
1127 59
1128 69
1129 63
1130 59
1131 61
1132 52
1133 60
1134 58
1135 57
1136 57
1137 57
1138 68
1139 62
1140 55
1141 53
1142 57
1143 58
1144 68
1145 51
1146 57
1147 53
1148 55
1149 54
1150 50
1151 76
1152 60
1153 53
1154 59
1155 65
1156 59
1157 53
1158 51
1159 51
1160 59
1161 56
1162 59
1163 66
1164 52
1165 57
1166 57
1167 58
1168 65
1169 54
1170 44
1171 56
1172 62
1173 58
1174 61
1175 53
1176 69
1177 60
1178 54
1179 59
1180 57
1181 54
1182 56
1183 50
1184 52
1185 63
1186 54
1187 54
1188 70
1189 62
1190 63
1191 61
1192 66
1193 54
1194 62
1195 64
1196 60
1197 63
1198 56
1199 56
1200 65
1201 69
1202 61
1203 58
1204 52
1205 46
1206 60
1207 57
1208 65
1209 65
1210 58
1211 55
1212 69
1213 65
1214 58
1215 49
1216 59
1217 51
1218 51
1219 54
1220 63
1221 70
1222 59
1223 48
1224 69
1225 50
1226 59
1227 62
1228 58
1229 58
1230 51
1231 50
1232 56
1233 62
1234 61
1235 66
1236 63
1237 53
1238 55
1239 60
1240 72
1241 55
1242 59
1243 58
1244 58
1245 60
1246 62
1247 54
1248 49
1249 54
1250 59
1251 59
1252 61
1253 46
1254 63
1255 63
1256 67
1257 61
1258 60
1259 66
1260 56
1261 69
1262 67
1263 54
1264 56
1265 57
1266 61
1267 66
1268 54
1269 56
1270 55
1271 62
1272 52
1273 54
1274 52
1275 61
1276 57
1277 61
1278 55
1279 61
1280 62
1281 74
1282 76
1283 51
1284 63
1285 60
1286 62
1287 53
1288 65
1289 42
1290 59
1291 58
1292 54
1293 63
1294 54
1295 65
1296 51
1297 53
1298 52
1299 55
1300 62
1301 50
1302 57
1303 51
1304 44
1305 57
1306 59
1307 52
1308 67
1309 49
1310 62
1311 69
1312 62
1313 61
1314 55
1315 49
1316 61
1317 54
1318 54
1319 66
1320 48
1321 56
1322 64
1323 52
1324 54
1325 60
1326 56
1327 65
1328 68
1329 62
1330 61
1331 55
1332 50
1333 57
1334 52
1335 51
1336 66
1337 64
1338 56
1339 60
1340 67
1341 44
1342 59
1343 64
1344 63
1345 66
1346 65
1347 52
1348 57
1349 61
1350 68
1351 61
1352 60
1353 53
1354 67
1355 59
1356 55
1357 64
1358 56
1359 60
1360 72
1361 62
1362 61
1363 67
1364 56
1365 54
1366 54
1367 52
1368 61
1369 66
1370 63
1371 59
1372 58
1373 64
1374 73
1375 62
1376 61
1377 66
1378 65
1379 49
1380 70
1381 63
1382 64
1383 63
1384 65
1385 59
1386 75
1387 58
1388 72
1389 53
1390 54
1391 50
1392 60
1393 49
1394 58
1395 54
1396 55
1397 63
1398 58
1399 59
1400 53
1401 58
1402 61
1403 60
1404 55
1405 57
1406 56
1407 58
1408 43
1409 50
1410 54
1411 64
1412 64
1413 65
1414 58
1415 63
1416 67
1417 60
1418 65
1419 57
1420 54
1421 60
1422 66
1423 60
1424 59
1425 59
1426 52
1427 59
1428 66
1429 58
1430 58
1431 74
1432 68
1433 66
1434 59
1435 67
1436 68
1437 56
1438 56
1439 61
1440 62
1441 58
1442 65
1443 60
1444 54
1445 60
1446 64
1447 67
1448 52
1449 65
1450 61
1451 68
1452 72
1453 62
1454 53
1455 60
1456 70
1457 58
1458 65
1459 61
1460 62
1461 62
1462 60
1463 55
1464 63
1465 73
1466 50
1467 53
1468 55
1469 60
1470 56
1471 49
1472 56
1473 58
1474 62
1475 52
1476 64
1477 60
1478 55
1479 68
1480 49
1481 55
1482 73
1483 57
1484 57
1485 51
1486 51
1487 55
1488 60
1489 59
1490 66
1491 68
1492 56
1493 51
1494 58
1495 62
1496 53
1497 56
1498 60
1499 57
1500 66
1501 69
1502 62
1503 52
1504 51
1505 66
1506 63
1507 52
1508 58
1509 56
1510 57
1511 67
1512 54
1513 63
1514 61
1515 58
1516 62
1517 47
1518 56
1519 67
1520 56
1521 62
1522 50
1523 58
1524 58
1525 67
1526 60
1527 51
1528 52
1529 49
1530 48
1531 53
1532 48
1533 61
1534 60
1535 44
1536 54
1537 64
1538 51
1539 54
1540 62
1541 58
1542 58
1543 67
1544 55
1545 61
1546 70
1547 56
1548 60
1549 57
1550 63
1551 62
1552 52
1553 65
1554 53
1555 50
1556 52
1557 55
1558 46
1559 53
1560 64
1561 46
1562 59
1563 64
1564 67
1565 53
1566 70
1567 60
1568 68
1569 59
1570 70
1571 56
1572 58
1573 53
1574 62
1575 51
1576 67
1577 57
1578 56
1579 66
1580 54
1581 52
1582 66
1583 72
1584 60
1585 60
1586 54
1587 55
1588 61
1589 63
1590 65
1591 55
1592 59
1593 61
1594 63
1595 54
1596 58
1597 54
1598 58
1599 66
1600 55
1601 64
1602 62
1603 73
1604 53
1605 61
1606 67
1607 69
1608 58
1609 72
1610 60
1611 51
1612 56
1613 56
1614 61
1615 63
1616 61
1617 68
1618 52
1619 61
1620 70
1621 59
1622 65
1623 71
1624 62
1625 75
1626 54
1627 69
1628 66
1629 46
1630 56
1631 61
1632 65
1633 58
1634 61
1635 59
1636 58
1637 68
1638 51
1639 55
1640 59
1641 61
1642 60
1643 51
1644 55
1645 60
1646 61
1647 64
1648 51
1649 57
1650 54
1651 56
1652 59
1653 53
1654 60
1655 54
1656 54
1657 62
1658 54
1659 66
1660 54
1661 52
1662 57
1663 71
1664 61
1665 57
1666 54
1667 53
1668 63
1669 56
1670 67
1671 67
1672 54
1673 64
1674 56
1675 57
1676 55
1677 62
1678 61
1679 65
1680 52
1681 71
1682 53
1683 62
1684 72
1685 62
1686 66
1687 67
1688 58
1689 71
1690 63
1691 51
1692 68
1693 46
1694 64
1695 61
1696 58
1697 63
1698 59
1699 52
1700 58
1701 46
1702 63
1703 72
1704 57
1705 57
1706 53
1707 54
1708 63
1709 62
1710 56
1711 56
1712 53
1713 65
1714 54
1715 54
1716 68
1717 55
1718 63
1719 57
1720 53
1721 64
1722 64
1723 55
1724 53
1725 54
1726 60
1727 55
1728 59
1729 49
1730 56
1731 49
1732 51
1733 54
1734 50
1735 69
1736 77
1737 46
1738 51
1739 66
1740 56
1741 70
1742 70
1743 52
1744 52
1745 57
1746 67
1747 71
1748 63
1749 57
1750 54
1751 67
1752 48
1753 53
1754 63
1755 64
1756 60
1757 50
1758 62
1759 69
1760 58
1761 57
1762 62
1763 69
1764 68
1765 56
1766 51
1767 64
1768 60
1769 60
1770 57
1771 67
1772 59
1773 55
1774 56
1775 61
1776 61
1777 63
1778 61
1779 63
1780 59
1781 57
1782 65
1783 55
1784 53
1785 54
1786 55
1787 56
1788 55
1789 67
1790 64
1791 67
1792 65
1793 55
1794 58
1795 66
1796 61
1797 56
1798 53
1799 63
1800 61
1801 54
1802 55
1803 52
1804 71
1805 59
1806 54
1807 50
1808 68
1809 56
1810 59
1811 63
1812 57
1813 55
1814 75
1815 57
1816 64
1817 48
1818 60
1819 65
1820 65
1821 48
1822 61
1823 62
1824 54
1825 49
1826 59
1827 50
1828 56
1829 63
1830 67
1831 62
1832 65
1833 61
1834 57
1835 62
1836 55
1837 57
1838 54
1839 50
1840 68
1841 56
1842 64
1843 68
1844 53
1845 64
1846 59
1847 62
1848 67
1849 51
1850 60
1851 54
1852 65
1853 58
1854 49
1855 54
1856 60
1857 62
1858 57
1859 68
1860 48
1861 43
1862 58
1863 60
1864 52
1865 54
1866 54
1867 68
1868 53
1869 59
1870 56
1871 57
1872 56
1873 59
1874 56
1875 62
1876 52
1877 55
1878 54
1879 55
1880 54
1881 70
1882 59
1883 55
1884 51
1885 53
1886 54
1887 54
1888 56
1889 52
1890 46
1891 49
1892 55
1893 64
1894 51
1895 56
1896 55
1897 58
1898 57
1899 59
1900 59
1901 52
1902 61
1903 48
1904 61
1905 60
1906 59
1907 55
1908 57
1909 60
1910 60
1911 60
1912 67
1913 60
1914 64
1915 57
1916 53
1917 60
1918 63
1919 57
1920 57
1921 49
1922 59
1923 63
1924 63
1925 68
1926 54
1927 62
1928 62
1929 53
1930 55
1931 46
1932 60
1933 57
1934 50
1935 57
1936 71
1937 68
1938 60
1939 52
1940 62
1941 57
1942 63
1943 51
1944 55
1945 55
1946 59
1947 57
1948 55
1949 60
1950 60
1951 66
1952 63
1953 56
1954 58
1955 49
1956 57
1957 62
1958 64
1959 70
1960 57
1961 51
1962 50
1963 49
1964 65
1965 55
1966 60
1967 58
1968 54
1969 63
1970 70
1971 59
1972 59
1973 64
1974 60
1975 60
1976 59
1977 56
1978 50
1979 52
1980 61
1981 53
1982 65
1983 54
1984 52
1985 62
1986 43
1987 60
1988 53
1989 44
1990 53
1991 60
1992 67
1993 59
1994 53
1995 53
1996 56
1997 49
1998 64
1999 59
2000 40
2001 38
2002 60
2003 55
2004 65
2005 60
2006 50
2007 51
2008 52
2009 63
2010 53
2011 52
2012 36
2013 56
2014 56
2015 63
2016 62
2017 68
2018 68
2019 52
2020 43
2021 60
2022 64
2023 69
2024 58
2025 58
2026 57
2027 67
2028 59
2029 60
2030 59
2031 45
2032 55
2033 59
2034 52
2035 56
2036 52
2037 59
2038 67
2039 53
2040 53
2041 51
2042 67
2043 50
2044 63
2045 57
2046 61
2047 50
2048 71
2049 47
2050 51
2051 61
2052 57
2053 52
2054 55
2055 64
2056 54
2057 60
2058 71
2059 60
2060 54
2061 56
2062 67
2063 55
2064 58
2065 53
2066 51
2067 53
2068 56
2069 62
2070 63
2071 58
2072 52
2073 66
2074 58
2075 52
2076 59
2077 50
2078 57
2079 56
2080 49
2081 64
2082 55
2083 57
2084 65
2085 52
2086 66
2087 60
2088 64
2089 57
2090 53
2091 57
2092 60
2093 58
2094 60
2095 55
2096 68
2097 68
2098 59
2099 58
2100 54
2101 60
2102 56
2103 55
2104 54
2105 65
2106 66
2107 53
2108 69
2109 62
2110 65
2111 67
2112 58
2113 58
2114 66
2115 57
2116 48
2117 59
2118 66
2119 62
2120 57
2121 63
2122 54
2123 65
2124 59
2125 55
2126 63
2127 58
2128 54
2129 58
2130 57
2131 60
2132 49
2133 54
2134 50
2135 65
2136 63
2137 65
2138 57
2139 63
2140 58
2141 61
2142 67
2143 71
2144 60
2145 63
2146 57
2147 62
2148 59
2149 68
2150 58
2151 53
2152 61
2153 53
2154 70
2155 59
2156 63
2157 57
2158 61
2159 60
2160 62
2161 56
2162 62
2163 57
2164 63
2165 59
2166 59
2167 64
2168 57
2169 62
2170 64
2171 57
2172 60
2173 61
2174 62
2175 58
2176 70
2177 65
2178 53
2179 58
2180 55
2181 57
2182 52
2183 57
2184 63
2185 59
2186 62
2187 67
2188 59
2189 58
2190 63
2191 62
2192 59
2193 64
2194 63
2195 64
2196 54
2197 77
2198 70
2199 69
2200 71
2201 64
2202 71
2203 60
2204 64
2205 79
2206 60
2207 56
2208 62
2209 56
2210 65
2211 61
2212 50
2213 61
2214 64
2215 75
2216 58
2217 50
2218 53
2219 73
2220 56
2221 61
2222 61
2223 58
2224 70
2225 58
2226 52
2227 65
2228 75
2229 60
2230 55
2231 70
2232 55
2233 51
2234 60
2235 61
2236 62
2237 64
2238 57
2239 56
2240 65
2241 66
2242 63
2243 53
2244 63
2245 70
2246 54
2247 66
2248 57
2249 69
2250 53
2251 55
2252 74
2253 56
2254 59
2255 55
2256 55
2257 64
2258 46
2259 64
2260 60
2261 52
2262 58
2263 64
2264 66
2265 56
2266 67
2267 60
2268 60
2269 70
2270 56
2271 78
2272 62
2273 57
2274 58
2275 55
2276 60
2277 61
2278 70
2279 70
2280 77
2281 59
2282 60
2283 57
2284 61
2285 75
2286 53
2287 69
2288 60
2289 70
2290 62
2291 62
2292 54
2293 65
2294 55
2295 78
2296 65
2297 72
2298 67
2299 67
2300 66
2301 57
2302 56
2303 56
2304 67
2305 52
2306 58
2307 53
2308 51
2309 65
2310 61
2311 59
2312 58
2313 69
2314 48
2315 61
2316 53
2317 67
2318 56
2319 60
2320 57
2321 61
2322 57
2323 70
2324 63
2325 55
2326 58
2327 54
2328 56
2329 69
2330 55
2331 60
2332 71
2333 61
2334 53
2335 61
2336 55
2337 50
2338 64
2339 58
2340 60
2341 55
2342 62
2343 56
2344 52
2345 64
2346 54
2347 54
2348 57
2349 52
2350 56
2351 72
2352 56
2353 53
2354 56
2355 67
2356 57
2357 65
2358 57
2359 70
2360 62
2361 69
2362 52
2363 63
2364 55
2365 58
2366 58
2367 68
2368 56
2369 54
2370 63
2371 64
2372 60
2373 72
2374 53
2375 57
2376 63
2377 60
2378 53
2379 61
2380 55
2381 52
2382 56
2383 57
2384 52
2385 60
2386 60
2387 54
2388 60
2389 72
2390 55
2391 60
2392 64
2393 57
2394 57
2395 62
2396 73
2397 57
2398 80
2399 57
2400 56
2401 51
2402 66
2403 67
2404 61
2405 63
2406 69
2407 55
2408 63
2409 49
2410 63
2411 55
2412 49
2413 56
2414 59
2415 55
2416 61
2417 70
2418 65
2419 49
2420 62
2421 65
2422 53
2423 61
2424 57
2425 60
2426 64
2427 55
2428 59
2429 68
2430 50
2431 61
2432 60
2433 64
2434 66
2435 65
2436 63
2437 55
2438 51
2439 62
2440 58
2441 60
2442 65
2443 54
2444 55
2445 62
2446 58
2447 61
2448 53
2449 62
2450 60
2451 64
2452 52
2453 63
2454 60
2455 59
2456 62
2457 51
2458 55
2459 55
2460 48
2461 55
2462 63
2463 59
2464 57
2465 52
2466 59
2467 57
2468 57
2469 52
2470 46
2471 61
2472 54
2473 57
2474 61
2475 59
2476 49
2477 58
2478 61
2479 65
2480 57
2481 50
2482 66
2483 59
2484 52
2485 58
2486 64
2487 48
2488 57
2489 56
2490 56
2491 53
2492 54
2493 54
2494 48
2495 48
2496 54
2497 65
2498 55
2499 51
2500 68
2501 52
2502 64
2503 59
2504 63
2505 66
2506 57
2507 53
2508 55
2509 48
2510 60
2511 52
2512 49
2513 61
2514 71
2515 70
2516 53
2517 55
2518 55
2519 64
2520 65
2521 61
2522 62
2523 55
2524 58
2525 46
2526 57
2527 55
2528 70
2529 60
2530 49
2531 57
2532 56
2533 61
2534 59
2535 57
2536 64
2537 55
2538 58
2539 65
2540 59
2541 47
2542 68
2543 59
2544 55
2545 65
2546 54
2547 64
2548 72
2549 58
2550 54
2551 62
2552 55
2553 69
2554 55
2555 59
2556 64
2557 58
2558 60
2559 63
2560 52
2561 65
2562 66
2563 60
2564 70
2565 57
2566 56
2567 69
2568 61
2569 51
2570 59
2571 54
2572 52
2573 59
2574 65
2575 55
2576 57
2577 69
2578 54
2579 54
2580 65
2581 56
2582 63
2583 61
2584 62
2585 68
2586 58
2587 56
2588 57
2589 56
2590 51
2591 59
2592 61
2593 45
2594 62
2595 53
2596 54
2597 60
2598 57
2599 60
2600 62
2601 58
2602 60
2603 61
2604 60
2605 53
2606 57
2607 58
2608 64
2609 54
2610 64
2611 57
2612 61
2613 74
2614 67
2615 65
2616 42
2617 54
2618 58
2619 57
2620 51
2621 60
2622 52
2623 63
2624 62
2625 64
2626 55
2627 54
2628 59
2629 59
2630 48
2631 59
2632 55
2633 48
2634 55
2635 53
2636 64
2637 63
2638 51
2639 64
2640 65
2641 55
2642 57
2643 60
2644 52
2645 67
2646 60
2647 50
2648 48
2649 66
2650 61
2651 62
2652 52
2653 66
2654 56
2655 55
2656 49
2657 55
2658 63
2659 78
2660 53
2661 60
2662 71
2663 62
2664 68
2665 53
2666 60
2667 56
2668 56
2669 65
2670 63
2671 70
2672 60
2673 57
2674 51
2675 56
2676 56
2677 60
2678 59
2679 58
2680 59
2681 67
2682 62
2683 72
2684 53
2685 57
2686 71
2687 53
2688 42
2689 65
2690 66
2691 63
2692 53
2693 43
2694 51
2695 58
2696 55
2697 65
2698 59
2699 54
2700 53
2701 57
2702 50
2703 59
2704 55
2705 60
2706 64
2707 61
2708 56
2709 70
2710 69
2711 62
2712 63
2713 63
2714 67
2715 59
2716 60
2717 63
2718 50
2719 54
2720 57
2721 56
2722 62
2723 66
2724 63
2725 57
2726 61
2727 62
2728 52
2729 63
2730 69
2731 61
2732 71
2733 63
2734 51
2735 60
2736 60
2737 50
2738 68
2739 48
2740 56
2741 66
2742 57
2743 64
2744 53
2745 66
2746 69
2747 59
2748 50
2749 56
2750 56
2751 48
2752 55
2753 56
2754 60
2755 63
2756 57
2757 61
2758 59
2759 63
2760 73
2761 63
2762 59
2763 55
2764 59
2765 59
2766 47
2767 65
2768 62
2769 57
2770 63
2771 62
2772 62
2773 64
2774 57
2775 56
2776 79
2777 57
2778 55
2779 52
2780 50
2781 61
2782 56
2783 62
2784 56
2785 66
2786 61
2787 66
2788 61
2789 66
2790 61
2791 59
2792 59
2793 64
2794 65
2795 58
2796 59
2797 57
2798 60
2799 71
2800 62
2801 62
2802 72
2803 54
2804 58
2805 58
2806 72
2807 59
2808 63
2809 55
2810 71
2811 67
2812 52
2813 62
2814 59
2815 56
2816 57
2817 68
2818 59
2819 52
2820 75
2821 55
2822 67
2823 61
2824 66
2825 68
2826 56
2827 70
2828 52
2829 61
2830 63
2831 65
2832 60
2833 63
2834 60
2835 59
2836 59
2837 54
2838 47
2839 66
2840 57
2841 58
2842 63
2843 63
2844 62
2845 71
2846 74
2847 59
2848 55
2849 55
2850 57
2851 58
2852 59
2853 55
2854 63
2855 47
2856 63
2857 66
2858 62
2859 62
2860 45
2861 62
2862 59
2863 57
2864 70
2865 58
2866 62
2867 54
2868 63
2869 68
2870 66
2871 64
2872 64
2873 58
2874 60
2875 70
2876 54
2877 62
2878 51
2879 69
2880 66
2881 73
2882 52
2883 63
2884 54
2885 62
2886 52
2887 65
2888 55
2889 55
2890 59
2891 62
2892 48
2893 53
2894 57
2895 65
2896 60
2897 55
2898 58
2899 62
2900 64
2901 52
2902 67
2903 63
2904 56
2905 66
2906 65
2907 64
2908 60
2909 50
2910 62
2911 60
2912 69
2913 62
2914 68
2915 55
2916 62
2917 56
2918 67
2919 64
2920 61
2921 58
2922 62
2923 58
2924 77
2925 67
2926 54
2927 55
2928 59
2929 63
2930 68
2931 51
2932 73
2933 60
2934 51
2935 70
2936 43
2937 62
2938 46
2939 63
2940 50
2941 63
2942 61
2943 54
2944 66
2945 66
2946 56
2947 57
2948 58
2949 65
2950 61
2951 56
2952 65
2953 61
2954 70
2955 67
2956 66
2957 74
2958 57
2959 62
2960 58
2961 53
2962 59
2963 60
2964 55
2965 63
2966 62
2967 55
2968 63
2969 48
2970 64
2971 52
2972 61
2973 54
2974 54
2975 64
2976 50
2977 46
2978 47
2979 54
2980 57
2981 62
2982 57
2983 56
2984 59
2985 62
2986 49
2987 57
2988 52
2989 63
2990 60
2991 67
2992 55
2993 68
2994 48
2995 56
2996 59
2997 71
2998 53
2999 64
3000 66
3001 70
3002 59
3003 54
3004 53
3005 57
3006 58
3007 67
3008 62
3009 62
3010 51
3011 62
3012 62
3013 60
3014 66
3015 63
3016 59
3017 59
3018 56
3019 60
3020 71
3021 59
3022 61
3023 62
3024 55
3025 69
3026 55
3027 48
3028 61
3029 60
3030 55
3031 69
3032 70
3033 52
3034 65
3035 61
3036 75
3037 70
3038 69
3039 62
3040 56
3041 54
3042 54
3043 50
3044 67
3045 59
3046 53
3047 44
3048 58
3049 61
3050 62
3051 62
3052 61
3053 55
3054 65
3055 77
3056 68
3057 64
3058 59
3059 62
3060 60
3061 55
3062 57
3063 53
3064 60
3065 59
3066 62
3067 65
3068 63
3069 61
3070 57
3071 57
3072 57
3073 60
3074 62
3075 61
3076 61
3077 57
3078 69
3079 58
3080 57
3081 61
3082 60
3083 64
3084 61
3085 70
3086 55
3087 51
3088 53
3089 62
3090 68
3091 49
3092 61
3093 61
3094 62
3095 67
3096 60
3097 53
3098 55
3099 50
3100 64
3101 66
3102 61
3103 51
3104 47
3105 73
3106 58
3107 58
3108 56
3109 54
3110 60
3111 60
3112 48
3113 67
3114 55
3115 49
3116 62
3117 67
3118 53
3119 61
3120 60
3121 62
3122 59
3123 65
3124 56
3125 65
3126 53
3127 57
3128 63
3129 60
3130 70
3131 56
3132 68
3133 69
3134 69
3135 54
3136 62
3137 60
3138 55
3139 59
3140 62
3141 58
3142 59
3143 54
3144 62
3145 60
3146 58
3147 56
3148 69
3149 65
3150 61
3151 59
3152 49
3153 58
3154 67
3155 61
3156 68
3157 64
3158 64
3159 52
3160 51
3161 63
3162 53
3163 48
3164 67
3165 68
3166 67
3167 67
3168 51
3169 60
3170 56
3171 60
3172 60
3173 56
3174 62
3175 46
3176 56
3177 57
3178 66
3179 45
3180 57
3181 60
3182 62
3183 57
3184 60
3185 57
3186 59
3187 53
3188 55
3189 56
3190 62
3191 59
3192 61
3193 59
3194 61
3195 57
3196 53
3197 54
3198 58
3199 61
3200 65
3201 66
3202 63
3203 63
3204 58
3205 52
3206 64
3207 69
3208 53
3209 55
3210 55
3211 59
3212 62
3213 64
3214 66
3215 61
3216 59
3217 55
3218 61
3219 62
3220 54
3221 63
3222 52
3223 55
3224 54
3225 71
3226 61
3227 65
3228 71
3229 56
3230 53
3231 50
3232 64
3233 56
3234 58
3235 65
3236 62
3237 73
3238 60
3239 65
3240 55
3241 56
3242 57
3243 54
3244 51
3245 60
3246 69
3247 50
3248 71
3249 57
3250 63
3251 53
3252 63
3253 54
3254 62
3255 62
3256 51
3257 75
3258 55
3259 58
3260 56
3261 66
3262 69
3263 56
3264 60
3265 59
3266 52
3267 61
3268 53
3269 67
3270 65
3271 55
3272 63
3273 57
3274 68
3275 53
3276 58
3277 60
3278 59
3279 58
3280 58
3281 58
3282 61
3283 56
3284 66
3285 57
3286 54
3287 55
3288 57
3289 56
3290 58
3291 65
3292 56
3293 53
3294 57
3295 55
3296 47
3297 58
3298 68
3299 46
3300 58
3301 61
3302 52
3303 73
3304 56
3305 56
3306 52
3307 51
3308 53
3309 72
3310 55
3311 67
3312 56
3313 70
3314 61
3315 64
3316 52
3317 65
3318 48
3319 54
3320 57
3321 54
3322 66
3323 55
3324 58
3325 61
3326 48
3327 69
3328 59
3329 50
3330 66
3331 52
3332 57
3333 53
3334 56
3335 64
3336 67
3337 62
3338 62
3339 55
3340 68
3341 45
3342 67
3343 67
3344 62
3345 62
3346 59
3347 57
3348 60
3349 48
3350 60
3351 54
3352 57
3353 47
3354 55
3355 64
3356 55
3357 52
3358 63
3359 51
3360 45
3361 67
3362 57
3363 59
3364 67
3365 49
3366 57
3367 62
3368 61
3369 60
3370 53
3371 55
3372 50
3373 54
3374 52
3375 59
3376 64
3377 51
3378 54
3379 64
3380 53
3381 56
3382 57
3383 52
3384 54
3385 55
3386 57
3387 58
3388 61
3389 53
3390 52
3391 55
3392 58
3393 50
3394 49
3395 60
3396 60
3397 58
3398 58
3399 58
3400 60
3401 61
3402 63
3403 71
3404 51
3405 62
3406 54
3407 51
3408 59
3409 63
3410 55
3411 63
3412 58
3413 59
3414 55
3415 60
3416 66
3417 69
3418 66
3419 57
3420 57
3421 45
3422 62
3423 59
3424 54
3425 64
3426 63
3427 55
3428 57
3429 61
3430 62
3431 52
3432 59
3433 62
3434 56
3435 55
3436 59
3437 51
3438 56
3439 57
3440 58
3441 57
3442 56
3443 66
3444 65
3445 54
3446 63
3447 58
3448 57
3449 69
3450 59
3451 55
3452 63
3453 64
3454 52
3455 61
3456 68
3457 54
3458 59
3459 69
3460 60
3461 61
3462 46
3463 58
3464 59
3465 61
3466 60
3467 72
3468 56
3469 68
3470 56
3471 50
3472 51
3473 72
3474 56
3475 58
3476 64
3477 66
3478 52
3479 47
3480 66
3481 59
3482 51
3483 61
3484 58
3485 65
3486 68
3487 74
3488 60
3489 64
3490 58
3491 48
3492 71
3493 66
3494 56
3495 60
3496 52
3497 64
3498 61
3499 60
3500 62
3501 55
3502 63
3503 60
3504 70
3505 65
3506 69
3507 65
3508 57
3509 65
3510 66
3511 62
3512 52
3513 63
3514 49
3515 62
3516 54
3517 63
3518 72
3519 68
3520 66
3521 52
3522 61
3523 62
3524 62
3525 62
3526 65
3527 70
3528 69
3529 62
3530 48
3531 54
3532 54
3533 55
3534 54
3535 60
3536 66
3537 62
3538 66
3539 53
3540 65
3541 58
3542 64
3543 63
3544 58
3545 58
3546 61
3547 60
3548 61
3549 67
3550 57
3551 60
3552 74
3553 66
3554 47
3555 64
3556 60
3557 56
3558 63
3559 57
3560 67
3561 54
3562 58
3563 61
3564 61
3565 61
3566 49
3567 56
3568 51
3569 54
3570 58
3571 73
3572 61
3573 62
3574 61
3575 46
3576 62
3577 52
3578 66
3579 67
3580 55
3581 66
3582 53
3583 60
3584 56
3585 51
3586 52
3587 52
3588 66
3589 60
3590 63
3591 60
3592 59
3593 48
3594 57
3595 53
3596 51
3597 65
3598 67
3599 49
3600 54
3601 53
3602 56
3603 62
3604 58
3605 61
3606 63
3607 54
3608 69
3609 47
3610 52
3611 52
3612 59
3613 61
3614 53
3615 52
3616 63
3617 58
3618 64
3619 61
3620 57
3621 63
3622 59
3623 62
3624 66
3625 62
3626 51
3627 53
3628 51
3629 59
3630 64
3631 50
3632 58
3633 51
3634 58
3635 64
3636 49
3637 60
3638 65
3639 63
3640 55
3641 60
3642 56
3643 57
3644 61
3645 61
3646 65
3647 57
3648 60
3649 50
3650 63
3651 73
3652 50
3653 61
3654 60
3655 59
3656 67
3657 66
3658 65
3659 52
3660 54
3661 48
3662 52
3663 53
3664 59
3665 54
3666 53
3667 71
3668 55
3669 67
3670 54
3671 59
3672 58
3673 53
3674 60
3675 56
3676 56
3677 48
3678 52
3679 55
3680 66
3681 53
3682 66
3683 59
3684 52
3685 54
3686 56
3687 55
3688 67
3689 62
3690 63
3691 62
3692 63
3693 62
3694 52
3695 55
3696 49
3697 56
3698 61
3699 72
3700 63
3701 50
3702 66
3703 55
3704 67
3705 58
3706 47
3707 51
3708 59
3709 70
3710 63
3711 66
3712 63
3713 54
3714 68
3715 63
3716 63
3717 58
3718 61
3719 55
3720 43
3721 58
3722 63
3723 54
3724 58
3725 55
3726 63
3727 66
3728 65
3729 51
3730 44
3731 65
3732 68
3733 47
3734 53
3735 57
3736 56
3737 58
3738 63
3739 60
3740 65
3741 51
3742 49
3743 64
3744 66
3745 58
3746 67
3747 56
3748 69
3749 59
3750 53
3751 53
3752 60
3753 50
3754 54
3755 51
3756 60
3757 64
3758 59
3759 56
3760 58
3761 58
3762 59
3763 70
3764 64
3765 62
3766 61
3767 55
3768 61
3769 61
3770 41
3771 59
3772 66
3773 59
3774 70
3775 62
3776 65
3777 62
3778 60
3779 75
3780 63
3781 52
3782 67
3783 59
3784 56
3785 63
3786 56
3787 68
3788 68
3789 62
3790 63
3791 54
3792 60
3793 58
3794 56
3795 62
3796 52
3797 52
3798 65
3799 60
3800 70
3801 53
3802 65
3803 72
3804 49
3805 59
3806 62
3807 54
3808 59
3809 58
3810 56
3811 53
3812 59
3813 63
3814 61
3815 65
3816 55
3817 60
3818 54
3819 51
3820 52
3821 55
3822 53
3823 53
3824 59
3825 71
3826 67
3827 50
3828 56
3829 56
3830 61
3831 63
3832 63
3833 60
3834 52
3835 67
3836 63
3837 64
3838 56
3839 57
3840 64
3841 66
3842 51
3843 64
3844 60
3845 48
3846 55
3847 63
3848 49
3849 57
3850 58
3851 61
3852 72
3853 60
3854 70
3855 49
3856 52
3857 56
3858 64
3859 54
3860 55
3861 60
3862 56
3863 67
3864 76
3865 58
3866 68
3867 60
3868 67
3869 65
3870 56
3871 53
3872 63
3873 58
3874 66
3875 63
3876 54
3877 59
3878 44
3879 65
3880 55
3881 60
3882 52
3883 62
3884 62
3885 49
3886 59
3887 69
3888 61
3889 69
3890 67
3891 56
3892 55
3893 64
3894 57
3895 56
3896 61
3897 61
3898 41
3899 56
3900 66
3901 46
3902 59
3903 55
3904 57
3905 58
3906 65
3907 70
3908 61
3909 63
3910 60
3911 62
3912 56
3913 56
3914 63
3915 45
3916 56
3917 57
3918 58
3919 61
3920 57
3921 62
3922 59
3923 50
3924 49
3925 53
3926 54
3927 59
3928 71
3929 52
3930 56
3931 58
3932 52
3933 64
3934 51
3935 60
3936 59
3937 51
3938 66
3939 64
3940 61
3941 61
3942 52
3943 57
3944 69
3945 75
3946 60
3947 59
3948 53
3949 57
3950 57
3951 43
3952 59
3953 49
3954 59
3955 52
3956 56
3957 57
3958 57
3959 55
3960 63
3961 61
3962 59
3963 56
3964 63
3965 60
3966 53
3967 67
3968 53
3969 56
3970 57
3971 63
3972 62
3973 67
3974 61
3975 56
3976 63
3977 64
3978 63
3979 57
3980 77
3981 61
3982 65
3983 67
3984 53
3985 65
3986 66
3987 64
3988 53
3989 65
3990 59
3991 70
3992 59
3993 70
3994 67
3995 62
3996 59
3997 54
3998 63
3999 66
4000 52
4001 57
4002 61
4003 69
4004 52
4005 61
4006 57
4007 58
4008 57
4009 63
4010 58
4011 60
4012 52
4013 57
4014 57
4015 61
4016 65
4017 63
4018 61
4019 53
4020 60
4021 60
4022 69
4023 49
4024 64
4025 57
4026 61
4027 63
4028 56
4029 51
4030 56
4031 53
4032 53
4033 63
4034 63
4035 57
4036 56
4037 65
4038 65
4039 48
4040 67
4041 48
4042 50
4043 61
4044 57
4045 52
4046 61
4047 58
4048 52
4049 62
4050 60
4051 51
4052 63
4053 60
4054 56
4055 64
4056 46
4057 64
4058 64
4059 51
4060 59
4061 63
4062 57
4063 64
4064 53
4065 58
4066 62
4067 50
4068 60
4069 67
4070 60
4071 55
4072 63
4073 46
4074 54
4075 60
4076 58
4077 62
4078 58
4079 52
4080 62
4081 61
4082 58
4083 60
4084 59
4085 57
4086 55
4087 69
4088 55
4089 47
4090 58
4091 64
4092 54
4093 53
4094 52
4095 62
4096 65
4097 62
4098 65
4099 65
4100 61
4101 55
4102 50
4103 60
4104 56
4105 53
4106 55
4107 56
4108 61
4109 71
4110 67
4111 62
4112 53
4113 61
4114 61
4115 62
4116 60
4117 52
4118 62
4119 69
4120 69
4121 52
4122 55
4123 57
4124 63
4125 65
4126 65
4127 62
4128 63
4129 59
4130 50
4131 63
4132 59
4133 58
4134 53
4135 61
4136 52
4137 58
4138 58
4139 72
4140 70
4141 55
4142 55
4143 51
4144 53
4145 49
4146 58
4147 54
4148 63
4149 58
4150 51
4151 63
4152 63
4153 56
4154 56
4155 65
4156 60
4157 58
4158 52
4159 55
4160 60
4161 53
4162 77
4163 70
4164 61
4165 52
4166 60
4167 59
4168 50
4169 61
4170 60
4171 56
4172 70
4173 65
4174 53
4175 58
4176 72
4177 59
4178 65
4179 64
4180 60
4181 61
4182 61
4183 57
4184 65
4185 60
4186 55
4187 61
4188 54
4189 67
4190 64
4191 55
4192 58
4193 63
4194 56
4195 57
4196 62
4197 58
4198 66
4199 67
4200 71
4201 42
4202 59
4203 53
4204 59
4205 58
4206 55
4207 53
4208 63
4209 64
4210 49
4211 61
4212 70
4213 66
4214 72
4215 60
4216 68
4217 68
4218 56
4219 51
4220 56
4221 71
4222 56
4223 50
4224 55
4225 52
4226 58
4227 62
4228 53
4229 53
4230 54
4231 53
4232 58
4233 51
4234 73
4235 56
4236 60
4237 61
4238 56
4239 59
4240 58
4241 66
4242 60
4243 57
4244 53
4245 60
4246 53
4247 78
4248 55
4249 62
4250 57
4251 66
4252 56
4253 51
4254 58
4255 58
4256 57
4257 59
4258 44
4259 50
4260 65
4261 57
4262 62
4263 52
4264 47
4265 67
4266 60
4267 63
4268 53
4269 56
4270 57
4271 53
4272 60
4273 58
4274 56
4275 62
4276 56
4277 61
4278 77
4279 59
4280 61
4281 63
4282 58
4283 52
4284 56
4285 62
4286 51
4287 55
4288 55
4289 63
4290 55
4291 56
4292 49
4293 50
4294 64
4295 67
4296 56
4297 68
4298 66
4299 58
4300 61
4301 47
4302 57
4303 61
4304 62
4305 57
4306 65
4307 72
4308 57
4309 56
4310 58
4311 65
4312 55
4313 60
4314 62
4315 51
4316 58
4317 59
4318 65
4319 60
4320 65
4321 54
4322 56
4323 54
4324 57
4325 56
4326 63
4327 60
4328 50
4329 55
4330 63
4331 59
4332 57
4333 61
4334 52
4335 56
4336 55
4337 65
4338 55
4339 65
4340 56
4341 56
4342 68
4343 59
4344 63
4345 55
4346 63
4347 45
4348 49
4349 53
4350 63
4351 63
4352 54
4353 59
4354 52
4355 63
4356 59
4357 53
4358 55
4359 58
4360 52
4361 50
4362 68
4363 52
4364 57
4365 72
4366 68
4367 59
4368 60
4369 60
4370 63
4371 58
4372 55
4373 58
4374 52
4375 59
4376 65
4377 60
4378 57
4379 60
4380 60
4381 60
4382 54
4383 58
4384 46
4385 46
4386 68
4387 52
4388 53
4389 63
4390 59
4391 54
4392 56
4393 63
4394 66
4395 62
4396 60
4397 47
4398 61
4399 60
4400 60
4401 65
4402 53
4403 61
4404 58
4405 62
4406 53
4407 62
4408 63
4409 71
4410 55
4411 50
4412 64
4413 57
4414 56
4415 62
4416 65
4417 56
4418 51
4419 51
4420 61
4421 67
4422 59
4423 52
4424 54
4425 56
4426 54
4427 59
4428 49
4429 56
4430 50
4431 70
4432 57
4433 56
4434 65
4435 72
4436 53
4437 66
4438 53
4439 66
4440 60
4441 68
4442 63
4443 69
4444 69
4445 51
4446 59
4447 59
4448 54
4449 75
4450 61
4451 58
4452 60
4453 55
4454 48
4455 82
4456 58
4457 53
4458 69
4459 65
4460 55
4461 68
4462 71
4463 64
4464 65
4465 58
4466 72
4467 58
4468 53
4469 55
4470 64
4471 64
4472 58
4473 53
4474 50
4475 64
4476 53
4477 54
4478 65
4479 56
4480 59
4481 61
4482 51
4483 56
4484 63
4485 71
4486 54
4487 62
4488 56
4489 48
4490 51
4491 48
4492 62
4493 59
4494 52
4495 55
4496 59
4497 54
4498 61
4499 61
4500 61
4501 54
4502 54
4503 58
4504 65
4505 51
4506 52
4507 55
4508 56
4509 58
4510 55
4511 42
4512 51
4513 56
4514 54
4515 65
4516 53
4517 62
4518 61
4519 48
4520 62
4521 51
4522 72
4523 61
4524 60
4525 61
4526 59
4527 73
4528 53
4529 62
4530 57
4531 60
4532 55
4533 50
4534 63
4535 59
4536 62
4537 53
4538 62
4539 51
4540 48
4541 51
4542 62
4543 57
4544 65
4545 65
4546 51
4547 55
4548 63
4549 55
4550 50
4551 64
4552 58
4553 65
4554 63
4555 57
4556 61
4557 66
4558 58
4559 61
4560 55
4561 63
4562 51
4563 60
4564 53
4565 58
4566 41
4567 65
4568 59
4569 51
4570 60
4571 60
4572 50
4573 52
4574 56
4575 63
4576 55
4577 61
4578 55
4579 59
4580 64
4581 51
4582 58
4583 55
4584 59
4585 59
4586 58
4587 58
4588 70
4589 54
4590 65
4591 58
4592 56
4593 55
4594 69
4595 54
4596 53
4597 62
4598 63
4599 58
4600 56
4601 63
4602 66
4603 59
4604 59
4605 50
4606 60
4607 70
4608 56
4609 63
4610 51
4611 62
4612 62
4613 61
4614 69
4615 54
4616 68
4617 64
4618 55
4619 50
4620 64
4621 48
4622 59
4623 62
4624 61
4625 47
4626 53
4627 53
4628 60
4629 63
4630 67
4631 61
4632 56
4633 52
4634 66
4635 57
4636 63
4637 63
4638 56
4639 53
4640 54
4641 67
4642 56
4643 67
4644 60
4645 66
4646 62
4647 59
4648 60
4649 67
4650 58
4651 65
4652 56
4653 73
4654 63
4655 65
4656 66
4657 63
4658 55
4659 64
4660 54
4661 59
4662 67
4663 64
4664 66
4665 58
4666 68
4667 57
4668 54
4669 64
4670 52
4671 58
4672 52
4673 52
4674 61
4675 50
4676 73
4677 58
4678 67
4679 65
4680 59
4681 55
4682 50
4683 58
4684 67
4685 59
4686 63
4687 61
4688 65
4689 59
4690 61
4691 48
4692 65
4693 55
4694 59
4695 53
4696 67
4697 62
4698 60
4699 66
4700 59
4701 60
4702 63
4703 53
4704 53
4705 50
4706 51
4707 49
4708 65
4709 58
4710 71
4711 60
4712 56
4713 48
4714 56
4715 53
4716 69
4717 51
4718 59
4719 59
4720 68
4721 68
4722 62
4723 63
4724 64
4725 52
4726 61
4727 62
4728 62
4729 56
4730 53
4731 69
4732 63
4733 66
4734 51
4735 62
4736 50
4737 65
4738 58
4739 55
4740 62
4741 57
4742 66
4743 63
4744 60
4745 63
4746 68
4747 63
4748 59
4749 63
4750 63
4751 56
4752 42
4753 59
4754 50
4755 59
4756 56
4757 58
4758 48
4759 45
4760 63
4761 58
4762 52
4763 70
4764 59
4765 53
4766 45
4767 57
4768 55
4769 60
4770 66
4771 51
4772 65
4773 50
4774 51
4775 54
4776 61
4777 55
4778 70
4779 67
4780 60
4781 63
4782 58
4783 61
4784 69
4785 57
4786 65
4787 54
4788 55
4789 53
4790 63
4791 69
4792 64
4793 54
4794 62
4795 52
4796 58
4797 54
4798 56
4799 57
4800 54
4801 104
