0 55
1 52
2 53
3 50
4 54
5 49
6 55
7 57
8 45
9 65
10 56
11 60
12 55
13 51
14 46
15 64
16 42
17 51
18 53
19 60
20 50
21 56
22 53
23 55
24 58
25 54
26 48
27 52
28 53
29 43
30 57
31 61
32 58
33 58
34 40
35 53
36 55
37 46
38 50
39 65
40 56
41 56
42 56
43 48
44 53
45 50
46 53
47 47
48 48
49 56
50 48
51 53
52 52
53 48
54 54
55 53
56 53
57 53
58 52
59 54
60 60
61 46
62 58
63 59
64 48
65 58
66 48
67 56
68 60
69 56
70 56
71 54
72 63
73 47
74 54
75 57
76 56
77 56
78 61
79 55
80 49
81 51
82 53
83 50
84 57
85 50
86 51
87 57
88 54
89 61
90 48
91 48
92 60
93 54
94 53
95 53
96 48
97 57
98 55
99 48
100 51
101 52
102 49
103 55
104 47
105 60
106 57
107 43
108 50
109 53
110 53
111 54
112 47
113 46
114 54
115 42
116 58
117 58
118 48
119 44
120 50
121 51
122 41
123 55
124 56
125 53
126 51
127 49
128 37
129 59
130 38
131 47
132 48
133 58
134 53
135 50
136 47
137 46
138 55
139 53
140 59
141 57
142 51
143 49
144 58
145 62
146 57
147 53
148 48
149 68
150 67
151 53
152 47
153 56
154 50
155 56
156 55
157 58
158 53
159 70
160 60
161 48
162 55
163 58
164 57
165 57
166 60
167 65
168 58
169 49
170 65
171 55
172 47
173 53
174 54
175 51
176 51
177 47
178 54
179 50
180 46
181 53
182 59
183 48
184 57
185 71
186 51
187 50
188 49
189 46
190 47
191 48
192 60
193 61
194 47
195 49
196 63
197 58
198 48
199 59
200 52
201 59
202 53
203 53
204 59
205 67
206 54
207 51
208 52
209 51
210 56
211 55
212 70
213 55
214 56
215 61
216 59
217 53
218 58
219 51
220 48
221 56
222 56
223 56
224 62
225 58
226 64
227 60
228 61
229 54
230 54
231 59
232 65
233 60
234 66
235 60
236 62
237 43
238 68
239 55
240 51
241 57
242 49
243 63
244 53
245 57
246 53
247 54
248 55
249 49
250 57
251 56
252 56
253 49
254 64
255 53
256 43
257 58
258 55
259 56
260 49
261 62
262 55
263 48
264 63
265 58
266 44
267 55
268 63
269 61
270 61
271 59
272 63
273 55
274 44
275 52
276 60
277 47
278 51
279 57
280 43
281 63
282 57
283 59
284 65
285 54
286 56
287 55
288 45
289 57
290 53
291 54
292 57
293 57
294 56
295 53
296 65
297 67
298 46
299 62
300 54
301 52
302 51
303 58
304 57
305 51
306 69
307 64
308 56
309 59
310 50
311 55
312 48
313 52
314 59
315 55
316 52
317 51
318 50
319 60
320 54
321 51
322 65
323 57
324 57
325 50
326 58
327 60
328 48
329 63
330 57
331 64
332 58
333 58
334 68
335 48
336 67
337 62
338 62
339 64
340 58
341 53
342 50
343 61
344 48
345 57
346 64
347 66
348 43
349 59
350 53
351 54
352 56
353 53
354 50
355 62
356 63
357 70
358 60
359 64
360 64
361 62
362 55
363 48
364 61
365 63
366 56
367 60
368 56
369 64
370 56
371 53
372 55
373 61
374 68
375 62
376 53
377 53
378 60
379 60
380 67
381 60
382 60
383 54
384 55
385 53
386 59
387 63
388 61
389 60
390 57
391 50
392 55
393 60
394 66
395 63
396 51
397 59
398 64
399 62
400 49
401 56
402 56
403 72
404 45
405 60
406 58
407 62
408 58
409 56
410 64
411 60
412 63
413 58
414 55
415 47
416 55
417 55
418 50
419 68
420 52
421 55
422 61
423 54
424 59
425 64
426 55
427 50
428 68
429 43
430 47
431 57
432 52
433 50
434 51
435 68
436 63
437 54
438 56
439 63
440 59
441 63
442 49
443 62
444 56
445 61
446 50
447 62
448 71
449 52
450 59
451 67
452 63
453 60
454 57
455 63
456 55
457 62
458 49
459 53
460 58
461 51
462 67
463 59
464 72
465 52
466 63
467 66
468 56
469 63
470 63
471 57
472 63
473 54
474 47
475 61
476 64
477 64
478 50
479 58
480 56
481 67
482 59
483 54
484 53
485 51
486 56
487 54
488 54
489 54
490 54
491 49
492 61
493 54
494 59
495 53
496 71
497 64
498 49
499 50
500 46
501 48
502 63
503 56
504 61
505 51
506 60
507 56
508 61
509 55
510 57
511 64
512 53
513 60
514 59
515 55
516 58
517 65
518 53
519 51
520 48
521 67
522 52
523 50
524 51
525 61
526 68
527 59
528 57
529 55
530 61
531 63
532 70
533 51
534 65
535 60
536 61
537 67
538 55
539 63
540 75
541 48
542 47
543 53
544 57
545 58
546 55
547 66
548 61
549 54
550 53
551 52
552 65
553 49
554 51
555 49
556 57
557 61
558 51
559 61
560 58
561 54
562 61
563 50
564 51
565 51
566 52
567 58
568 61
569 50
570 56
571 56
572 61
573 54
574 60
575 59
576 51
577 64
578 46
579 54
580 64
581 55
582 61
583 65
584 56
585 53
586 57
587 58
588 55
589 51
590 62
591 50
592 58
593 63
594 63
595 61
596 51
597 52
598 57
599 44
600 57
601 53
602 55
603 52
604 54
605 53
606 52
607 49
608 57
609 61
610 58
611 55
612 56
613 49
614 57
615 51
616 60
617 56
618 60
619 61
620 59
621 53
622 57
623 53
624 51
625 49
626 59
627 49
628 66
629 47
630 49
631 54
632 53
633 43
634 51
635 52
636 46
637 59
638 57
639 51
640 51
641 52
642 46
643 44
644 53
645 54
646 58
647 51
648 58
649 60
650 56
651 64
652 51
653 47
654 60
655 59
656 61
657 53
658 54
659 57
660 67
661 49
662 61
663 66
664 49
665 53
666 47
667 53
668 58
669 63
670 51
671 62
672 61
673 59
674 65
675 57
676 56
677 55
678 67
679 58
680 50
681 58
682 70
683 50
684 46
685 49
686 64
687 55
688 55
689 56
690 62
691 51
692 62
693 64
694 47
695 54
696 59
697 52
698 38
699 43
700 54
701 59
702 55
703 50
704 52
705 53
706 54
707 49
708 56
709 43
710 50
711 52
712 43
713 53
714 60
715 43
716 49
717 59
718 60
719 52
720 59
721 48
722 51
723 61
724 58
725 65
726 60
727 57
728 61
729 49
730 53
731 63
732 57
733 52
734 59
735 48
736 74
737 60
738 60
739 47
740 52
741 65
742 51
743 50
744 48
745 59
746 68
747 43
748 59
749 57
750 58
751 56
752 47
753 59
754 65
755 55
756 54
757 56
758 62
759 51
760 54
761 61
762 58
763 52
764 63
765 65
766 59
767 46
768 55
769 53
770 58
771 52
772 63
773 57
774 54
775 60
776 56
777 56
778 63
779 60
780 59
781 49
782 58
783 54
784 63
785 49
786 44
787 61
788 61
789 60
790 46
791 62
792 49
793 61
794 48
795 52
796 59
797 58
798 58
799 49
800 68
801 57
802 58
803 49
804 51
805 54
806 49
807 45
808 49
809 60
810 55
811 61
812 49
813 66
814 62
815 55
816 58
817 58
818 57
819 53
820 65
821 44
822 61
823 57
824 61
825 62
826 70
827 53
828 66
829 61
830 51
831 56
832 55
833 56
834 55
835 54
836 63
837 53
838 58
839 46
840 56
841 60
842 65
843 54
844 54
845 56
846 63
847 62
848 45
849 59
850 57
851 52
852 63
853 61
854 59
855 64
856 54
857 56
858 63
859 63
860 57
861 61
862 59
863 53
864 57
865 64
866 59
867 54
868 46
869 55
870 56
871 48
872 53
873 45
874 56
875 58
876 51
877 55
878 59
879 73
880 49
881 50
882 56
883 61
884 64
885 71
886 53
887 57
888 65
889 47
890 51
891 52
892 63
893 51
894 59
895 65
896 50
897 58
898 55
899 57
900 61
901 62
902 60
903 61
904 63
905 55
906 54
907 57
908 50
909 42
910 53
911 40
912 51
913 66
914 56
915 50
916 50
917 50
918 58
919 51
920 56
921 53
922 50
923 63
924 51
925 56
926 56
927 50
928 57
929 65
930 54
931 43
932 50
933 58
934 40
935 54
936 62
937 52
938 50
939 57
940 50
941 53
942 56
943 50
944 58
945 49
946 65
947 57
948 57
949 57
950 50
951 63
952 64
953 50
954 60
955 55
956 67
957 57
958 58
959 66
960 52
961 54
962 52
963 58
964 66
965 54
966 58
967 59
968 50
969 58
970 51
971 58
972 47
973 45
974 59
975 55
976 50
977 58
978 49
979 49
980 50
981 55
982 55
983 57
984 51
985 54
986 51
987 47
988 47
989 55
990 46
991 38
992 51
993 56
994 54
995 58
996 56
997 39
998 56
999 54
1000 54
1001 62
1002 55
1003 49
1004 46
1005 62
1006 54
1007 57
1008 56
1009 55
1010 46
1011 55
1012 56
1013 63
1014 55
1015 53
1016 54
1017 45
1018 50
1019 54
1020 55
1021 58
1022 51
1023 59
1024 57
1025 43
1026 55
1027 58
1028 60
1029 53
1030 52
1031 53
1032 64
1033 68
1034 51
1035 53
1036 56
1037 55
1038 57
1039 46
1040 56
1041 57
1042 63
1043 46
1044 58
1045 53
1046 59
1047 61
1048 50
1049 51
1050 56
1051 57
1052 62
1053 54
1054 51
1055 54
1056 58
1057 51
1058 69
1059 63
1060 60
1061 51
1062 53
1063 55
1064 60
1065 48
1066 50
1067 59
1068 58
1069 53
1070 53
1071 50
1072 54
1073 61
1074 53
1075 52
1076 49
1077 60
1078 57
1079 57
1080 41
1081 53
1082 55
1083 53
1084 55
1085 68
1086 46
1087 52
1088 57
1089 55
1090 58
1091 57
1092 49
1093 54
1094 58
1095 52
1096 58
1097 50
1098 58
1099 45
1100 67
1101 62
1102 56
1103 48
1104 52
1105 51
1106 59
1107 53
1108 48
1109 54
1110 69
1111 51
1112 51
1113 44
1114 64
1115 46
1116 55
1117 55
1118 58
1119 55
1120 67
1121 59
1122 61
1123 61
1124 55
1125 53
1126 68
1127 53
1128 61
1129 53
1130 59
1131 60
1132 54
1133 43
1134 46
1135 64
1136 56
1137 57
1138 55
1139 54
1140 54
1141 59
1142 47
1143 51
1144 55
1145 54
1146 44
1147 65
1148 45
1149 54
1150 49
1151 55
1152 64
1153 54
1154 48
1155 46
1156 49
1157 67
1158 60
1159 61
1160 52
1161 64
1162 50
1163 58
1164 63
1165 55
1166 52
1167 60
1168 53
1169 55
1170 62
1171 49
1172 51
1173 58
1174 53
1175 57
1176 69
1177 43
1178 63
1179 61
1180 63
1181 63
1182 51
1183 60
1184 41
1185 57
1186 54
1187 55
1188 51
1189 51
1190 66
1191 53
1192 52
1193 43
1194 53
1195 65
1196 63
1197 52
1198 66
1199 47
1200 53
1201 55
1202 61
1203 55
1204 48
1205 51
1206 49
1207 53
1208 61
1209 57
1210 58
1211 58
1212 63
1213 53
1214 60
1215 66
1216 62
1217 67
1218 57
1219 55
1220 59
1221 56
1222 56
1223 67
1224 52
1225 67
1226 52
1227 61
1228 55
1229 58
1230 57
1231 55
1232 69
1233 54
1234 61
1235 55
1236 49
1237 54
1238 57
1239 53
1240 64
1241 57
1242 66
1243 58
1244 54
1245 54
1246 54
1247 52
1248 58
1249 62
1250 59
1251 57
1252 54
1253 47
1254 56
1255 50
1256 53
1257 54
1258 53
1259 58
1260 50
1261 57
1262 58
1263 62
1264 59
1265 48
1266 58
1267 58
1268 57
1269 67
1270 72
1271 55
1272 59
1273 57
1274 57
1275 50
1276 42
1277 59
1278 51
1279 46
1280 40
1281 56
1282 58
1283 58
1284 56
1285 46
1286 48
1287 49
1288 49
1289 62
1290 50
1291 42
1292 52
1293 56
1294 41
1295 65
1296 58
1297 65
1298 64
1299 41
1300 52
1301 57
1302 62
1303 63
1304 52
1305 58
1306 61
1307 59
1308 64
1309 62
1310 53
1311 61
1312 55
1313 62
1314 55
1315 56
1316 54
1317 52
1318 61
1319 57
1320 56
1321 53
1322 50
1323 48
1324 42
1325 61
1326 46
1327 64
1328 59
1329 54
1330 63
1331 55
1332 61
1333 59
1334 55
1335 57
1336 58
1337 51
1338 58
1339 59
1340 43
1341 55
1342 52
1343 59
1344 54
1345 45
1346 59
1347 54
1348 60
1349 48
1350 52
1351 55
1352 57
1353 54
1354 66
1355 45
1356 48
1357 46
1358 46
1359 55
1360 50
1361 49
1362 55
1363 71
1364 46
1365 46
1366 47
1367 53
1368 55
1369 54
1370 56
1371 48
1372 64
1373 61
1374 47
1375 44
1376 43
1377 54
1378 52
1379 45
1380 50
1381 44
1382 52
1383 49
1384 55
1385 60
1386 48
1387 51
1388 55
1389 54
1390 54
1391 45
1392 44
1393 53
1394 53
1395 47
1396 62
1397 63
1398 60
1399 47
1400 56
1401 57
1402 49
1403 56
1404 60
1405 51
1406 43
1407 43
1408 58
1409 57
1410 64
1411 51
1412 57
1413 51
1414 52
1415 61
1416 51
1417 64
1418 47
1419 40
1420 51
1421 60
1422 60
1423 47
1424 58
1425 55
1426 47
1427 53
1428 58
1429 59
1430 59
1431 62
1432 48
1433 56
1434 59
1435 51
1436 58
1437 47
1438 59
1439 59
1440 57
1441 61
1442 66
1443 54
1444 39
1445 63
1446 55
1447 55
1448 55
1449 44
1450 46
1451 56
1452 58
1453 56
1454 49
1455 50
1456 67
1457 60
1458 60
1459 51
1460 63
1461 50
1462 56
1463 58
1464 58
1465 52
1466 45
1467 51
1468 58
1469 51
1470 46
1471 55
1472 53
1473 51
1474 58
1475 57
1476 48
1477 69
1478 54
1479 60
1480 56
1481 55
1482 52
1483 48
1484 51
1485 63
1486 47
1487 58
1488 54
1489 56
1490 59
1491 50
1492 62
1493 56
1494 54
1495 59
1496 57
1497 57
1498 42
1499 58
1500 57
1501 55
1502 62
1503 54
1504 64
1505 63
1506 57
1507 54
1508 56
1509 61
1510 52
1511 51
1512 56
1513 50
1514 56
1515 55
1516 53
1517 51
1518 51
1519 55
1520 48
1521 58
1522 57
1523 49
1524 51
1525 53
1526 48
1527 50
1528 46
1529 47
1530 55
1531 51
1532 59
1533 74
1534 51
1535 62
1536 58
1537 57
1538 59
1539 56
1540 51
1541 59
1542 46
1543 61
1544 50
1545 51
1546 54
1547 54
1548 61
1549 56
1550 48
1551 58
1552 46
1553 64
1554 43
1555 50
1556 53
1557 57
1558 54
1559 52
1560 63
1561 49
1562 53
1563 62
1564 52
1565 63
1566 47
1567 51
1568 63
1569 54
1570 59
1571 42
1572 56
1573 58
1574 52
1575 55
1576 54
1577 50
1578 59
1579 57
1580 58
1581 44
1582 59
1583 63
1584 48
1585 62
1586 56
1587 61
1588 50
1589 64
1590 52
1591 63
1592 53
1593 64
1594 60
1595 50
1596 53
1597 60
1598 50
1599 64
1600 60
1601 60
1602 57
1603 66
1604 51
1605 62
1606 58
1607 46
1608 56
1609 59
1610 55
1611 58
1612 69
1613 55
1614 62
1615 59
1616 48
1617 57
1618 52
1619 50
1620 54
1621 48
1622 46
1623 63
1624 64
1625 53
1626 60
1627 61
1628 57
1629 53
1630 49
1631 54
1632 54
1633 51
1634 54
1635 59
1636 61
1637 61
1638 56
1639 63
1640 51
1641 57
1642 61
1643 57
1644 58
1645 64
1646 64
1647 51
1648 62
1649 50
1650 48
1651 51
1652 60
1653 55
1654 54
1655 71
1656 63
1657 61
1658 47
1659 52
1660 62
1661 46
1662 60
1663 59
1664 55
1665 57
1666 61
1667 58
1668 53
1669 59
1670 58
1671 53
1672 56
1673 46
1674 65
1675 55
1676 62
1677 58
1678 45
1679 52
1680 51
1681 46
1682 60
1683 59
1684 55
1685 65
1686 57
1687 56
1688 52
1689 66
1690 58
1691 55
1692 58
1693 60
1694 53
1695 71
1696 57
1697 49
1698 60
1699 52
1700 58
1701 49
1702 60
1703 63
1704 55
1705 52
1706 52
1707 60
1708 58
1709 54
1710 64
1711 46
1712 59
1713 61
1714 58
1715 54
1716 52
1717 46
1718 65
1719 58
1720 57
1721 60
1722 55
1723 59
1724 50
1725 56
1726 51
1727 48
1728 50
1729 49
1730 52
1731 50
1732 71
1733 68
1734 59
1735 60
1736 60
1737 63
1738 54
1739 64
1740 63
1741 58
1742 49
1743 59
1744 51
1745 64
1746 61
1747 60
1748 57
1749 52
1750 45
1751 51
1752 53
1753 55
1754 51
1755 50
1756 55
1757 44
1758 55
1759 52
1760 53
1761 50
1762 52
1763 63
1764 55
1765 53
1766 51
1767 56
1768 53
1769 59
1770 53
1771 60
1772 57
1773 51
1774 49
1775 58
1776 51
1777 44
1778 47
1779 58
1780 50
1781 54
1782 60
1783 57
1784 66
1785 55
1786 52
1787 61
1788 60
1789 50
1790 60
1791 48
1792 51
1793 59
1794 58
1795 57
1796 56
1797 61
1798 56
1799 65
1800 54
1801 56
1802 59
1803 57
1804 49
1805 60
1806 48
1807 60
1808 56
1809 59
1810 66
1811 49
1812 44
1813 64
1814 64
1815 54
1816 54
1817 47
1818 52
1819 62
1820 69
1821 56
1822 55
1823 57
1824 56
1825 56
1826 54
1827 58
1828 64
1829 54
1830 53
1831 53
1832 50
1833 56
1834 64
1835 56
1836 53
1837 61
1838 61
1839 62
1840 62
1841 56
1842 55
1843 57
1844 52
1845 66
1846 60
1847 58
1848 44
1849 45
1850 52
1851 61
1852 44
1853 52
1854 55
1855 51
1856 64
1857 59
1858 53
1859 50
1860 54
1861 56
1862 53
1863 57
1864 54
1865 64
1866 53
1867 54
1868 60
1869 46
1870 59
1871 50
1872 51
1873 52
1874 49
1875 67
1876 54
1877 50
1878 54
1879 57
1880 59
1881 51
1882 61
1883 58
1884 52
1885 39
1886 47
1887 52
1888 60
1889 50
1890 48
1891 57
1892 50
1893 53
1894 57
1895 57
1896 47
1897 64
1898 55
1899 60
1900 64
1901 64
1902 52
1903 53
1904 41
1905 63
1906 45
1907 54
1908 62
1909 59
1910 55
1911 58
1912 68
1913 62
1914 52
1915 65
1916 56
1917 59
1918 58
1919 59
1920 64
1921 58
1922 60
1923 49
1924 59
1925 68
1926 53
1927 61
1928 54
1929 56
1930 59
1931 44
1932 56
1933 57
1934 60
1935 57
1936 44
1937 50
1938 52
1939 44
1940 55
1941 57
1942 58
1943 60
1944 53
1945 64
1946 57
1947 53
1948 71
1949 58
1950 56
1951 47
1952 67
1953 50
1954 62
1955 56
1956 59
1957 52
1958 63
1959 61
1960 57
1961 59
1962 57
1963 59
1964 58
1965 47
1966 55
1967 62
1968 58
1969 56
1970 60
1971 59
1972 56
1973 61
1974 52
1975 64
1976 54
1977 54
1978 53
1979 49
1980 56
1981 54
1982 59
1983 51
1984 49
1985 42
1986 63
1987 55
1988 55
1989 45
1990 47
1991 49
1992 53
1993 55
1994 41
1995 65
1996 55
1997 59
1998 60
1999 63
2000 46
2001 53
2002 53
2003 60
2004 55
2005 57
2006 56
2007 56
2008 61
2009 60
2010 59
2011 44
2012 63
2013 61
2014 47
2015 49
2016 53
2017 52
2018 65
2019 62
2020 46
2021 49
2022 45
2023 52
2024 52
2025 50
2026 51
2027 53
2028 59
2029 51
2030 61
2031 57
2032 54
2033 49
2034 50
2035 55
2036 51
2037 63
2038 62
2039 62
2040 55
2041 55
2042 56
2043 46
2044 53
2045 68
2046 53
2047 58
2048 55
2049 53
2050 55
2051 61
2052 53
2053 50
2054 59
2055 57
2056 57
2057 50
2058 45
2059 61
2060 52
2061 62
2062 59
2063 57
2064 60
2065 54
2066 68
2067 62
2068 64
2069 48
2070 55
2071 49
2072 49
2073 58
2074 49
2075 57
2076 54
2077 52
2078 64
2079 63
2080 65
2081 58
2082 55
2083 65
2084 57
2085 64
2086 64
2087 54
2088 63
2089 62
2090 56
2091 56
2092 51
2093 57
2094 59
2095 56
2096 48
2097 49
2098 53
2099 51
2100 51
2101 56
2102 63
2103 48
2104 58
2105 67
2106 59
2107 51
2108 61
2109 55
2110 56
2111 61
2112 52
2113 56
2114 54
2115 49
2116 49
2117 56
2118 64
2119 53
2120 64
2121 59
2122 57
2123 62
2124 50
2125 58
2126 61
2127 45
2128 52
2129 58
2130 51
2131 53
2132 57
2133 49
2134 52
2135 51
2136 59
2137 47
2138 48
2139 51
2140 48
2141 48
2142 51
2143 63
2144 48
2145 66
2146 57
2147 53
2148 59
2149 56
2150 48
2151 60
2152 52
2153 63
2154 55
2155 56
2156 58
2157 59
2158 51
2159 54
2160 57
2161 70
2162 51
2163 67
2164 63
2165 56
2166 56
2167 53
2168 58
2169 49
2170 58
2171 64
2172 53
2173 47
2174 47
2175 53
2176 58
2177 61
2178 55
2179 55
2180 59
2181 53
2182 52
2183 56
2184 56
2185 35
2186 57
2187 60
2188 52
2189 64
2190 45
2191 62
2192 51
2193 53
2194 62
2195 51
2196 66
2197 59
2198 57
2199 37
2200 57
2201 57
2202 57
2203 53
2204 52
2205 53
2206 52
2207 54
2208 51
2209 56
2210 60
2211 53
2212 59
2213 66
2214 58
2215 54
2216 47
2217 50
2218 52
2219 49
2220 54
2221 52
2222 50
2223 57
2224 54
2225 48
2226 55
2227 49
2228 53
2229 60
2230 58
2231 63
2232 59
2233 50
2234 55
2235 53
2236 63
2237 59
2238 60
2239 54
2240 46
2241 51
2242 58
2243 56
2244 50
2245 54
2246 48
2247 56
2248 44
2249 59
2250 51
2251 59
2252 50
2253 55
2254 51
2255 47
2256 63
2257 50
2258 57
2259 54
2260 60
2261 53
2262 61
2263 57
2264 52
2265 52
2266 56
2267 64
2268 58
2269 61
2270 72
2271 57
2272 50
2273 54
2274 60
2275 54
2276 50
2277 55
2278 56
2279 49
2280 58
2281 56
2282 59
2283 56
2284 52
2285 50
2286 57
2287 51
2288 47
2289 58
2290 49
2291 54
2292 58
2293 62
2294 49
2295 61
2296 55
2297 48
2298 53
2299 61
2300 58
2301 53
2302 70
2303 57
2304 52
2305 70
2306 53
2307 52
2308 43
2309 48
2310 55
2311 66
2312 50
2313 50
2314 54
2315 46
2316 54
2317 52
2318 55
2319 56
2320 56
2321 54
2322 41
2323 51
2324 62
2325 54
2326 61
2327 46
2328 51
2329 59
2330 50
2331 48
2332 57
2333 59
2334 42
2335 49
2336 70
2337 51
2338 42
2339 54
2340 50
2341 52
2342 55
2343 53
2344 58
2345 41
2346 56
2347 57
2348 44
2349 61
2350 55
2351 62
2352 47
2353 54
2354 59
2355 47
2356 49
2357 59
2358 60
2359 62
2360 46
2361 68
2362 48
2363 56
2364 60
2365 55
2366 57
2367 55
2368 53
2369 54
2370 55
2371 57
2372 59
2373 59
2374 50
2375 57
2376 66
2377 54
2378 57
2379 57
2380 55
2381 58
2382 48
2383 45
2384 59
2385 65
2386 60
2387 55
2388 44
2389 61
2390 51
2391 53
2392 59
2393 60
2394 64
2395 58
2396 47
2397 54
2398 44
2399 43
2400 44
2401 52
2402 50
2403 52
2404 66
2405 47
2406 49
2407 59
2408 55
2409 56
2410 58
2411 66
2412 67
2413 58
2414 55
2415 72
2416 52
2417 62
2418 59
2419 58
2420 52
2421 53
2422 50
2423 60
2424 58
2425 57
2426 56
2427 60
2428 59
2429 54
2430 45
2431 60
2432 61
2433 60
2434 56
2435 54
2436 49
2437 59
2438 56
2439 56
2440 49
2441 57
2442 62
2443 59
2444 49
2445 52
2446 50
2447 44
2448 60
2449 61
2450 60
2451 60
2452 62
2453 58
2454 48
2455 52
2456 47
2457 43
2458 59
2459 58
2460 55
2461 53
2462 47
2463 59
2464 61
2465 58
2466 62
2467 61
2468 46
2469 48
2470 59
2471 57
2472 50
2473 53
2474 57
2475 49
2476 57
2477 56
2478 55
2479 58
2480 51
2481 51
2482 54
2483 58
2484 50
2485 62
2486 58
2487 58
2488 57
2489 62
2490 61
2491 56
2492 65
2493 68
2494 57
2495 47
2496 57
2497 56
2498 56
2499 65
2500 57
2501 49
2502 40
2503 49
2504 60
2505 56
2506 49
2507 54
2508 52
2509 47
2510 65
2511 52
2512 45
2513 44
2514 58
2515 58
2516 49
2517 52
2518 53
2519 53
2520 54
2521 45
2522 53
2523 52
2524 59
2525 49
2526 59
2527 53
2528 50
2529 49
2530 55
2531 49
2532 59
2533 56
2534 53
2535 65
2536 49
2537 53
2538 57
2539 64
2540 62
2541 65
2542 51
2543 63
2544 51
2545 61
2546 51
2547 56
2548 45
2549 57
2550 51
2551 50
2552 52
2553 55
2554 57
2555 54
2556 55
2557 52
2558 50
2559 46
2560 56
2561 47
2562 54
2563 54
2564 54
2565 56
2566 61
2567 49
2568 62
2569 43
2570 58
2571 59
2572 54
2573 49
2574 48
2575 54
2576 51
2577 49
2578 59
2579 66
2580 50
2581 54
2582 56
2583 60
2584 65
2585 55
2586 56
2587 55
2588 59
2589 51
2590 52
2591 52
2592 52
2593 53
2594 56
2595 54
2596 58
2597 48
2598 50
2599 56
2600 51
2601 43
2602 48
2603 49
2604 53
2605 46
2606 55
2607 52
2608 63
2609 54
2610 51
2611 60
2612 56
2613 46
2614 52
2615 50
2616 63
2617 39
2618 56
2619 49
2620 53
2621 55
2622 47
2623 64
2624 48
2625 47
2626 55
2627 53
2628 71
2629 51
2630 53
2631 65
2632 60
2633 47
2634 54
2635 59
2636 57
2637 61
2638 49
2639 49
2640 47
2641 51
2642 45
2643 59
2644 53
2645 50
2646 50
2647 50
2648 54
2649 53
2650 47
2651 53
2652 51
2653 42
2654 53
2655 54
2656 63
2657 58
2658 51
2659 58
2660 52
2661 57
2662 56
2663 53
2664 56
2665 56
2666 59
2667 64
2668 60
2669 62
2670 58
2671 45
2672 56
2673 43
2674 69
2675 56
2676 55
2677 53
2678 62
2679 46
2680 48
2681 51
2682 51
2683 51
2684 65
2685 55
2686 54
2687 55
2688 59
2689 56
2690 57
2691 54
2692 59
2693 62
2694 51
2695 49
2696 48
2697 61
2698 47
2699 48
2700 58
2701 54
2702 39
2703 51
2704 63
2705 65
2706 61
2707 62
2708 45
2709 51
2710 62
2711 56
2712 52
2713 53
2714 55
2715 56
2716 51
2717 52
2718 45
2719 51
2720 53
2721 64
2722 69
2723 62
2724 59
2725 46
2726 47
2727 58
2728 57
2729 66
2730 52
2731 48
2732 57
2733 54
2734 57
2735 63
2736 60
2737 61
2738 59
2739 62
2740 61
2741 51
2742 58
2743 71
2744 61
2745 53
2746 51
2747 64
2748 57
2749 58
2750 56
2751 63
2752 60
2753 57
2754 52
2755 56
2756 64
2757 51
2758 65
2759 51
2760 54
2761 60
2762 54
2763 51
2764 42
2765 59
2766 52
2767 56
2768 72
2769 46
2770 56
2771 56
2772 53
2773 48
2774 52
2775 62
2776 55
2777 49
2778 58
2779 51
2780 63
2781 50
2782 59
2783 55
2784 62
2785 49
2786 56
2787 56
2788 52
2789 51
2790 55
2791 58
2792 67
2793 53
2794 57
2795 56
2796 55
2797 55
2798 57
2799 63
2800 59
2801 56
2802 63
2803 54
2804 58
2805 55
2806 54
2807 53
2808 54
2809 52
2810 48
2811 51
2812 57
2813 52
2814 56
2815 55
2816 46
2817 60
2818 60
2819 51
2820 61
2821 55
2822 55
2823 58
2824 43
2825 59
2826 47
2827 64
2828 53
2829 55
2830 68
2831 45
2832 64
2833 62
2834 45
2835 55
2836 59
2837 52
2838 52
2839 63
2840 58
2841 45
2842 56
2843 55
2844 48
2845 54
2846 55
2847 58
2848 57
2849 46
2850 50
2851 50
2852 71
2853 63
2854 66
2855 52
2856 52
2857 58
2858 59
2859 66
2860 55
2861 54
2862 64
2863 61
2864 49
2865 56
2866 55
2867 61
2868 56
2869 55
2870 59
2871 58
2872 65
2873 55
2874 47
2875 54
2876 39
2877 50
2878 51
2879 51
2880 45
2881 55
2882 61
2883 58
2884 65
2885 64
2886 46
2887 53
2888 54
2889 61
2890 59
2891 49
2892 51
2893 57
2894 67
2895 57
2896 58
2897 57
2898 49
2899 57
2900 46
2901 45
2902 48
2903 55
2904 52
2905 52
2906 51
2907 53
2908 50
2909 60
2910 59
2911 49
2912 52
2913 49
2914 55
2915 60
2916 52
2917 50
2918 56
2919 52
2920 49
2921 55
2922 48
2923 59
2924 48
2925 57
2926 56
2927 53
2928 55
2929 59
2930 54
2931 46
2932 56
2933 59
2934 53
2935 58
2936 58
2937 52
2938 62
2939 57
2940 59
2941 60
2942 60
2943 59
2944 54
2945 57
2946 44
2947 59
2948 64
2949 45
2950 44
2951 49
2952 56
2953 47
2954 58
2955 52
2956 43
2957 53
2958 58
2959 55
2960 61
2961 45
2962 53
2963 60
2964 57
2965 58
2966 50
2967 70
2968 46
2969 47
2970 59
2971 42
2972 55
2973 58
2974 60
2975 66
2976 59
2977 51
2978 57
2979 49
2980 53
2981 53
2982 50
2983 56
2984 62
2985 53
2986 60
2987 69
2988 56
2989 56
2990 62
2991 54
2992 52
2993 60
2994 55
2995 58
2996 59
2997 65
2998 56
2999 56
3000 49
3001 52
3002 60
3003 50
3004 63
3005 59
3006 52
3007 56
3008 64
3009 51
3010 64
3011 59
3012 48
3013 44
3014 58
3015 59
3016 61
3017 57
3018 61
3019 63
3020 54
3021 57
3022 55
3023 62
3024 71
3025 47
3026 57
3027 52
3028 62
3029 54
3030 48
3031 55
3032 59
3033 51
3034 45
3035 56
3036 51
3037 55
3038 51
3039 60
3040 62
3041 58
3042 55
3043 55
3044 52
3045 55
3046 50
3047 54
3048 60
3049 49
3050 58
3051 53
3052 56
3053 57
3054 55
3055 50
3056 50
3057 58
3058 47
3059 46
3060 48
3061 55
3062 57
3063 58
3064 53
3065 50
3066 54
3067 72
3068 62
3069 48
3070 53
3071 56
3072 58
3073 42
3074 52
3075 59
3076 59
3077 51
3078 54
3079 59
3080 57
3081 53
3082 70
3083 49
3084 58
3085 59
3086 53
3087 50
3088 55
3089 56
3090 56
3091 53
3092 47
3093 58
3094 55
3095 58
3096 48
3097 45
3098 62
3099 58
3100 63
3101 61
3102 61
3103 58
3104 55
3105 47
3106 57
3107 41
3108 61
3109 64
3110 55
3111 47
3112 60
3113 61
3114 58
3115 53
3116 65
3117 62
3118 55
3119 52
3120 64
3121 62
3122 52
3123 61
3124 53
3125 52
3126 45
3127 58
3128 47
3129 44
3130 46
3131 49
3132 56
3133 50
3134 46
3135 55
3136 56
3137 44
3138 59
3139 57
3140 62
3141 55
3142 48
3143 55
3144 57
3145 64
3146 46
3147 49
3148 57
3149 50
3150 53
3151 68
3152 60
3153 54
3154 59
3155 51
3156 50
3157 41
3158 60
3159 65
3160 51
3161 58
3162 48
3163 52
3164 61
3165 55
3166 57
3167 54
3168 64
3169 53
3170 54
3171 61
3172 46
3173 42
3174 56
3175 46
3176 51
3177 52
3178 45
3179 51
3180 47
3181 60
3182 44
3183 54
3184 42
3185 59
3186 52
3187 59
3188 48
3189 56
3190 52
3191 49
3192 49
3193 47
3194 41
3195 58
3196 61
3197 50
3198 52
3199 62
3200 51
3201 56
3202 42
3203 55
3204 52
3205 47
3206 58
3207 60
3208 60
3209 50
3210 57
3211 51
3212 50
3213 55
3214 57
3215 60
3216 46
3217 56
3218 54
3219 48
3220 51
3221 63
3222 56
3223 53
3224 53
3225 47
3226 53
3227 50
3228 55
3229 50
3230 47
3231 69
3232 52
3233 53
3234 49
3235 50
3236 44
3237 56
3238 49
3239 49
3240 52
3241 65
3242 48
3243 58
3244 49
3245 49
3246 60
3247 51
3248 51
3249 60
3250 54
3251 58
3252 50
3253 53
3254 42
3255 54
3256 29
3257 48
3258 54
3259 58
3260 51
3261 52
3262 57
3263 56
3264 54
3265 53
3266 67
3267 60
3268 64
3269 49
3270 55
3271 55
3272 64
3273 50
3274 53
3275 49
3276 52
3277 53
3278 58
3279 49
3280 46
3281 54
3282 55
3283 57
3284 48
3285 59
3286 69
3287 51
3288 54
3289 55
3290 49
3291 73
3292 65
3293 50
3294 55
3295 52
3296 50
3297 50
3298 57
3299 54
3300 51
3301 58
3302 56
3303 55
3304 61
3305 55
3306 53
3307 53
3308 46
3309 68
3310 56
3311 55
3312 50
3313 53
3314 44
3315 46
3316 53
3317 53
3318 50
3319 53
3320 59
3321 50
3322 52
3323 56
3324 49
3325 60
3326 55
3327 56
3328 49
3329 50
3330 53
3331 55
3332 53
3333 57
3334 54
3335 57
3336 46
3337 52
3338 51
3339 46
3340 52
3341 64
3342 60
3343 56
3344 61
3345 51
3346 63
3347 71
3348 57
3349 56
3350 52
3351 55
3352 58
3353 64
3354 58
3355 55
3356 56
3357 57
3358 48
3359 53
3360 53
3361 52
3362 51
3363 56
3364 45
3365 51
3366 66
3367 46
3368 50
3369 59
3370 50
3371 54
3372 64
3373 59
3374 52
3375 58
3376 52
3377 60
3378 53
3379 53
3380 52
3381 60
3382 53
3383 60
3384 50
3385 56
3386 58
3387 50
3388 54
3389 46
3390 38
3391 53
3392 54
3393 42
3394 63
3395 47
3396 56
3397 44
3398 55
3399 49
3400 56
3401 57
3402 51
3403 38
3404 60
3405 64
3406 52
3407 52
3408 51
3409 60
3410 52
3411 51
3412 52
3413 42
3414 62
3415 60
3416 48
3417 57
3418 52
3419 47
3420 56
3421 58
3422 49
3423 53
3424 58
3425 51
3426 54
3427 57
3428 46
3429 60
3430 50
3431 49
3432 57
3433 51
3434 48
3435 50
3436 64
3437 54
3438 58
3439 57
3440 46
3441 58
3442 58
3443 53
3444 59
3445 61
3446 55
3447 47
3448 58
3449 49
3450 57
3451 57
3452 49
3453 53
3454 63
3455 52
3456 56
3457 44
3458 67
3459 52
3460 54
3461 60
3462 46
3463 56
3464 50
3465 59
3466 57
3467 55
3468 53
3469 58
3470 58
3471 51
3472 52
3473 51
3474 50
3475 50
3476 56
3477 52
3478 59
3479 53
3480 56
3481 58
3482 59
3483 47
3484 54
3485 54
3486 64
3487 61
3488 48
3489 49
3490 62
3491 59
3492 51
3493 60
3494 51
3495 54
3496 56
3497 57
3498 58
3499 48
3500 60
3501 53
3502 51
3503 57
3504 56
3505 60
3506 46
3507 45
3508 58
3509 55
3510 48
3511 46
3512 39
3513 55
3514 44
3515 51
3516 50
3517 45
3518 53
3519 53
3520 51
3521 55
3522 52
3523 55
3524 58
3525 51
3526 54
3527 54
3528 58
3529 58
3530 57
3531 51
3532 54
3533 63
3534 46
3535 51
3536 62
3537 62
3538 58
3539 60
3540 55
3541 61
3542 47
3543 55
3544 59
3545 61
3546 58
3547 62
3548 51
3549 58
3550 54
3551 53
3552 57
3553 54
3554 39
3555 54
3556 53
3557 58
3558 51
3559 57
3560 67
3561 64
3562 65
3563 60
3564 58
3565 51
3566 54
3567 40
3568 54
3569 52
3570 56
3571 53
3572 64
3573 58
3574 62
3575 63
3576 57
3577 47
3578 64
3579 48
3580 68
3581 49
3582 56
3583 63
3584 66
3585 54
3586 59
3587 75
3588 55
3589 59
3590 56
3591 49
3592 54
3593 58
3594 61
3595 62
3596 57
3597 62
3598 50
3599 57
3600 50
3601 52
3602 48
3603 51
3604 57
3605 54
3606 66
3607 61
3608 58
3609 54
3610 59
3611 52
3612 60
3613 55
3614 51
3615 59
3616 52
3617 65
3618 65
3619 48
3620 42
3621 62
3622 56
3623 67
3624 56
3625 60
3626 64
3627 56
3628 50
3629 62
3630 52
3631 47
3632 58
3633 54
3634 52
3635 41
3636 58
3637 56
3638 58
3639 61
3640 54
3641 66
3642 55
3643 61
3644 51
3645 51
3646 68
3647 44
3648 45
3649 49
3650 61
3651 53
3652 65
3653 61
3654 56
3655 54
3656 58
3657 58
3658 56
3659 54
3660 50
3661 45
3662 58
3663 52
3664 55
3665 51
3666 56
3667 53
3668 59
3669 52
3670 51
3671 43
3672 56
3673 62
3674 57
3675 58
3676 61
3677 58
3678 57
3679 63
3680 51
3681 69
3682 62
3683 52
3684 54
3685 51
3686 54
3687 67
3688 54
3689 58
3690 49
3691 54
3692 51
3693 54
3694 48
3695 50
3696 59
3697 59
3698 52
3699 49
3700 58
3701 51
3702 60
3703 63
3704 60
3705 60
3706 47
3707 49
3708 55
3709 60
3710 52
3711 56
3712 51
3713 52
3714 60
3715 61
3716 64
3717 62
3718 56
3719 45
3720 59
3721 59
3722 43
3723 53
3724 61
3725 51
3726 45
3727 57
3728 60
3729 55
3730 74
3731 56
3732 56
3733 58
3734 60
3735 67
3736 60
3737 65
3738 53
3739 62
3740 54
3741 55
3742 57
3743 54
3744 58
3745 49
3746 57
3747 56
3748 56
3749 69
3750 49
3751 50
3752 42
3753 56
3754 50
3755 49
3756 52
3757 58
3758 56
3759 50
3760 45
3761 55
3762 53
3763 50
3764 55
3765 53
3766 50
3767 48
3768 51
3769 57
3770 54
3771 50
3772 63
3773 56
3774 54
3775 58
3776 60
3777 54
3778 69
3779 48
3780 55
3781 59
3782 46
3783 54
3784 55
3785 59
3786 45
3787 63
3788 52
3789 69
3790 57
3791 56
3792 61
3793 52
3794 63
3795 59
3796 56
3797 68
3798 60
3799 56
3800 70
3801 63
3802 45
3803 63
3804 54
3805 59
3806 62
3807 54
3808 69
3809 58
3810 56
3811 67
3812 60
3813 68
3814 50
3815 53
3816 64
3817 53
3818 45
3819 63
3820 55
3821 50
3822 55
3823 62
3824 50
3825 59
3826 56
3827 72
3828 58
3829 51
3830 54
3831 57
3832 58
3833 60
3834 54
3835 55
3836 60
3837 56
3838 57
3839 67
3840 56
3841 51
3842 59
3843 47
3844 61
3845 60
3846 58
3847 55
3848 60
3849 51
3850 65
3851 63
3852 59
3853 48
3854 45
3855 67
3856 45
3857 59
3858 53
3859 49
3860 57
3861 59
3862 60
3863 51
3864 54
3865 55
3866 56
3867 56
3868 57
3869 61
3870 60
3871 57
3872 52
3873 62
3874 52
3875 58
3876 47
3877 52
3878 63
3879 52
3880 51
3881 67
3882 52
3883 59
3884 54
3885 56
3886 53
3887 54
3888 53
3889 61
3890 57
3891 52
3892 55
3893 60
3894 45
3895 51
3896 59
3897 51
3898 55
3899 54
3900 63
3901 46
3902 61
3903 56
3904 52
3905 54
3906 45
3907 46
3908 50
3909 45
3910 50
3911 51
3912 59
3913 53
3914 62
3915 64
3916 47
3917 59
3918 56
3919 71
3920 57
3921 56
3922 50
3923 54
3924 52
3925 60
3926 53
3927 47
3928 55
3929 55
3930 58
3931 45
3932 59
3933 51
3934 53
3935 63
3936 48
3937 58
3938 57
3939 67
3940 53
3941 54
3942 51
3943 61
3944 57
3945 52
3946 57
3947 57
3948 60
3949 59
3950 64
3951 43
3952 56
3953 67
3954 56
3955 61
3956 59
3957 68
3958 59
3959 55
3960 52
3961 60
3962 57
3963 52
3964 57
3965 71
3966 57
3967 63
3968 47
3969 58
3970 54
3971 61
3972 57
3973 44
3974 54
3975 51
3976 63
3977 53
3978 54
3979 56
3980 50
3981 62
3982 42
3983 50
3984 67
3985 51
3986 66
3987 65
3988 62
3989 59
3990 62
3991 63
3992 55
3993 60
3994 58
3995 60
3996 53
3997 49
3998 53
3999 50
4000 54
4001 59
4002 61
4003 60
4004 45
4005 58
4006 61
4007 56
4008 59
4009 53
4010 60
4011 61
4012 62
4013 52
4014 62
4015 60
4016 53
4017 47
4018 55
4019 55
4020 69
4021 51
4022 55
4023 58
4024 61
4025 60
4026 47
4027 58
4028 49
4029 65
4030 64
4031 65
4032 57
4033 66
4034 56
4035 48
4036 61
4037 51
4038 50
4039 52
4040 58
4041 58
4042 55
4043 56
4044 56
4045 50
4046 49
4047 50
4048 59
4049 51
4050 50
4051 66
4052 48
4053 63
4054 56
4055 53
4056 48
4057 56
4058 56
4059 65
4060 62
4061 56
4062 65
4063 56
4064 69
4065 57
4066 56
4067 53
4068 57
4069 48
4070 62
4071 60
4072 60
4073 67
4074 44
4075 62
4076 58
4077 51
4078 57
4079 62
4080 58
4081 53
4082 50
4083 57
4084 55
4085 55
4086 62
4087 53
4088 59
4089 57
4090 53
4091 55
4092 48
4093 65
4094 60
4095 56
4096 46
4097 67
4098 51
4099 62
4100 47
4101 50
4102 68
4103 46
4104 65
4105 52
4106 52
4107 48
4108 54
4109 58
4110 61
4111 64
4112 59
4113 58
4114 53
4115 59
4116 52
4117 52
4118 52
4119 51
4120 66
4121 54
4122 54
4123 63
4124 66
4125 50
4126 53
4127 62
4128 42
4129 67
4130 54
4131 61
4132 60
4133 59
4134 50
4135 63
4136 45
4137 39
4138 61
4139 51
4140 67
4141 62
4142 46
4143 64
4144 59
4145 65
4146 47
4147 50
4148 58
4149 57
4150 49
4151 62
4152 48
4153 59
4154 54
4155 56
4156 52
4157 58
4158 45
4159 71
4160 59
4161 65
4162 53
4163 50
4164 55
4165 55
4166 56
4167 52
4168 51
4169 48
4170 60
4171 56
4172 56
4173 53
4174 49
4175 51
4176 40
4177 56
4178 41
4179 57
4180 59
4181 53
4182 52
4183 55
4184 56
4185 73
4186 56
4187 64
4188 62
4189 61
4190 66
4191 56
4192 56
4193 49
4194 47
4195 57
4196 49
4197 56
4198 45
4199 51
4200 62
4201 40
4202 46
4203 59
4204 52
4205 69
4206 55
4207 49
4208 51
4209 52
4210 58
4211 53
4212 51
4213 47
4214 68
4215 67
4216 62
4217 49
4218 59
4219 61
4220 50
4221 64
4222 60
4223 58
4224 56
4225 68
4226 60
4227 60
4228 64
4229 53
4230 64
4231 64
4232 59
4233 62
4234 55
4235 54
4236 48
4237 62
4238 58
4239 55
4240 64
4241 53
4242 52
4243 59
4244 56
4245 59
4246 47
4247 54
4248 64
4249 55
4250 48
4251 64
4252 60
4253 49
4254 66
4255 55
4256 38
4257 55
4258 53
4259 64
4260 59
4261 46
4262 56
4263 59
4264 57
4265 68
4266 51
4267 49
4268 57
4269 60
4270 61
4271 56
4272 53
4273 55
4274 56
4275 53
4276 60
4277 56
4278 56
4279 56
4280 62
4281 51
4282 52
4283 50
4284 52
4285 53
4286 55
4287 57
4288 57
4289 64
4290 58
4291 53
4292 55
4293 69
4294 46
4295 52
4296 46
4297 48
4298 68
4299 49
4300 68
4301 54
4302 60
4303 60
4304 59
4305 58
4306 63
4307 55
4308 54
4309 62
4310 72
4311 52
4312 61
4313 60
4314 67
4315 57
4316 59
4317 51
4318 54
4319 57
4320 60
4321 60
4322 57
4323 62
4324 58
4325 59
4326 66
4327 53
4328 59
4329 49
4330 54
4331 75
4332 57
4333 45
4334 63
4335 56
4336 60
4337 57
4338 51
4339 59
4340 58
4341 50
4342 63
4343 63
4344 54
4345 51
4346 60
4347 56
4348 62
4349 55
4350 43
4351 61
4352 61
4353 60
4354 63
4355 61
4356 53
4357 50
4358 53
4359 62
4360 60
4361 57
4362 68
4363 57
4364 49
4365 68
4366 56
4367 62
4368 64
4369 58
4370 57
4371 60
4372 57
4373 52
4374 64
4375 53
4376 59
4377 59
4378 48
4379 54
4380 52
4381 65
4382 56
4383 48
4384 55
4385 71
4386 55
4387 64
4388 57
4389 53
4390 52
4391 60
4392 61
4393 59
4394 46
4395 58
4396 60
4397 58
4398 64
4399 61
4400 65
4401 58
4402 55
4403 57
4404 60
4405 59
4406 55
4407 56
4408 56
4409 56
4410 65
4411 57
4412 58
4413 55
4414 52
4415 66
4416 61
4417 56
4418 49
4419 63
4420 60
4421 57
4422 61
4423 56
4424 62
4425 62
4426 64
4427 50
4428 67
4429 62
4430 57
4431 56
4432 61
4433 52
4434 62
4435 57
4436 48
4437 61
4438 62
4439 66
4440 51
4441 56
4442 56
4443 65
4444 52
4445 57
4446 64
4447 57
4448 67
4449 47
4450 61
4451 69
4452 56
4453 59
4454 63
4455 64
4456 63
4457 69
4458 69
4459 53
4460 64
4461 56
4462 53
4463 64
4464 44
4465 57
4466 54
4467 57
4468 59
4469 47
4470 57
4471 56
4472 53
4473 54
4474 54
4475 54
4476 47
4477 55
4478 60
4479 48
4480 58
4481 58
4482 60
4483 66
4484 56
4485 60
4486 52
4487 50
4488 65
4489 61
4490 51
4491 52
4492 52
4493 60
4494 67
4495 54
4496 61
4497 66
4498 53
4499 54
4500 49
4501 48
4502 53
4503 54
4504 57
4505 59
4506 46
4507 54
4508 43
4509 55
4510 49
4511 56
4512 65
4513 57
4514 58
4515 64
4516 65
4517 56
4518 55
4519 48
4520 50
4521 59
4522 48
4523 45
4524 61
4525 62
4526 51
4527 51
4528 55
4529 43
4530 59
4531 50
4532 58
4533 50
4534 63
4535 63
4536 53
4537 39
4538 51
4539 58
4540 62
4541 57
4542 56
4543 53
4544 70
4545 55
4546 52
4547 47
4548 60
4549 58
4550 67
4551 65
4552 60
4553 43
4554 65
4555 53
4556 61
4557 59
4558 47
4559 50
4560 61
4561 52
4562 66
4563 53
4564 57
4565 52
4566 70
4567 56
4568 55
4569 49
4570 52
4571 61
4572 62
4573 60
4574 52
4575 48
4576 61
4577 53
4578 58
4579 60
4580 56
4581 46
4582 60
4583 57
4584 54
4585 47
4586 52
4587 58
4588 52
4589 55
4590 60
4591 61
4592 54
4593 58
4594 51
4595 61
4596 58
4597 57
4598 45
4599 60
4600 57
4601 63
4602 61
4603 48
4604 53
4605 54
4606 79
4607 54
4608 60
4609 61
4610 50
4611 46
4612 47
4613 49
4614 47
4615 56
4616 63
4617 48
4618 48
4619 51
4620 53
4621 57
4622 65
4623 52
4624 61
4625 54
4626 56
4627 62
4628 66
4629 56
4630 64
4631 66
4632 69
4633 66
4634 63
4635 69
4636 62
4637 60
4638 53
4639 63
4640 56
4641 60
4642 61
4643 54
4644 54
4645 53
4646 49
4647 64
4648 62
4649 57
4650 70
4651 56
4652 52
4653 66
4654 49
4655 53
4656 52
4657 48
4658 54
4659 62
4660 62
4661 61
4662 46
4663 51
4664 61
4665 66
4666 59
4667 55
4668 68
4669 58
4670 57
4671 62
4672 56
4673 52
4674 56
4675 59
4676 60
4677 60
4678 56
4679 61
4680 50
4681 53
4682 57
4683 60
4684 61
4685 64
4686 74
4687 53
4688 53
4689 55
4690 54
4691 57
4692 49
4693 37
4694 54
4695 50
4696 66
4697 45
4698 53
4699 52
4700 54
4701 70
4702 51
4703 50
4704 67
4705 64
4706 60
4707 51
4708 66
4709 53
4710 58
4711 56
4712 53
4713 54
4714 51
4715 63
4716 50
4717 52
4718 50
4719 60
4720 48
4721 57
4722 55
4723 47
4724 58
4725 61
4726 59
4727 55
4728 53
4729 65
4730 58
4731 48
4732 60
4733 49
4734 58
4735 57
4736 63
4737 47
4738 56
4739 45
4740 61
4741 59
4742 59
4743 53
4744 57
4745 54
4746 56
4747 51
4748 54
4749 52
4750 65
4751 44
4752 61
4753 64
4754 52
4755 56
4756 61
4757 59
4758 59
4759 60
4760 68
4761 56
4762 55
4763 48
4764 52
4765 48
4766 59
4767 59
4768 53
4769 56
4770 54
4771 66
4772 55
4773 54
4774 55
4775 71
4776 50
4777 57
4778 49
4779 60
4780 58
4781 58
4782 51
4783 66
4784 55
4785 64
4786 49
4787 47
4788 57
4789 60
4790 50
4791 48
4792 53
4793 55
4794 52
4795 59
4796 59
4797 46
4798 58
4799 51
4800 64
4801 106
