0 51
1 57
2 61
3 59
4 55
5 69
6 59
7 45
8 45
9 47
10 63
11 61
12 46
13 61
14 50
15 60
16 55
17 51
18 54
19 57
20 50
21 65
22 64
23 58
24 66
25 59
26 61
27 55
28 58
29 63
30 55
31 67
32 51
33 53
34 63
35 62
36 64
37 61
38 52
39 61
40 59
41 62
42 52
43 66
44 67
45 62
46 53
47 57
48 63
49 55
50 57
51 60
52 52
53 49
54 67
55 67
56 67
57 66
58 51
59 52
60 55
61 48
62 59
63 51
64 58
65 63
66 53
67 61
68 61
69 64
70 58
71 55
72 55
73 68
74 58
75 58
76 69
77 53
78 56
79 61
80 64
81 70
82 58
83 63
84 62
85 55
86 61
87 61
88 56
89 61
90 52
91 55
92 52
93 61
94 66
95 69
96 60
97 59
98 61
99 55
100 60
101 51
102 57
103 56
104 68
105 65
106 57
107 53
108 62
109 53
110 69
111 54
112 66
113 63
114 61
115 69
116 61
117 63
118 58
119 63
120 56
121 63
122 51
123 65
124 71
125 63
126 48
127 57
128 69
129 67
130 59
131 56
132 65
133 72
134 52
135 63
136 53
137 57
138 59
139 58
140 65
141 53
142 64
143 62
144 68
145 66
146 55
147 53
148 55
149 62
150 61
151 60
152 55
153 66
154 63
155 55
156 61
157 61
158 52
159 68
160 64
161 71
162 58
163 60
164 62
165 60
166 62
167 70
168 62
169 50
170 59
171 62
172 55
173 60
174 63
175 58
176 62
177 46
178 51
179 56
180 64
181 57
182 66
183 66
184 54
185 50
186 56
187 67
188 56
189 63
190 56
191 62
192 54
193 58
194 48
195 52
196 59
197 53
198 66
199 63
200 58
201 65
202 70
203 75
204 63
205 60
206 57
207 56
208 67
209 62
210 65
211 54
212 60
213 63
214 49
215 52
216 62
217 61
218 70
219 64
220 54
221 57
222 58
223 67
224 61
225 59
226 51
227 52
228 56
229 52
230 62
231 55
232 53
233 57
234 61
235 57
236 69
237 55
238 52
239 62
240 59
241 58
242 59
243 74
244 53
245 57
246 55
247 52
248 56
249 58
250 63
251 60
252 55
253 65
254 47
255 54
256 57
257 51
258 71
259 69
260 65
261 67
262 65
263 51
264 54
265 63
266 64
267 61
268 67
269 69
270 56
271 70
272 53
273 67
274 56
275 56
276 63
277 57
278 73
279 59
280 54
281 67
282 57
283 70
284 53
285 54
286 55
287 55
288 70
289 59
290 53
291 69
292 51
293 54
294 63
295 58
296 58
297 59
298 52
299 57
300 52
301 63
302 53
303 64
304 56
305 60
306 48
307 44
308 64
309 72
310 58
311 66
312 69
313 57
314 65
315 45
316 56
317 62
318 57
319 66
320 47
321 61
322 47
323 51
324 51
325 61
326 51
327 54
328 58
329 69
330 61
331 53
332 57
333 52
334 62
335 55
336 59
337 53
338 58
339 52
340 47
341 51
342 56
343 50
344 54
345 49
346 57
347 49
348 54
349 45
350 62
351 52
352 59
353 64
354 62
355 61
356 56
357 56
358 64
359 65
360 60
361 59
362 62
363 60
364 54
365 54
366 54
367 59
368 47
369 60
370 53
371 49
372 67
373 60
374 66
375 63
376 52
377 55
378 67
379 52
380 65
381 54
382 50
383 61
384 55
385 52
386 55
387 53
388 51
389 64
390 54
391 52
392 54
393 53
394 66
395 51
396 58
397 60
398 56
399 61
400 60
401 55
402 55
403 49
404 40
405 55
406 54
407 57
408 60
409 58
410 54
411 49
412 55
413 67
414 47
415 52
416 46
417 54
418 62
419 56
420 61
421 59
422 51
423 45
424 45
425 59
426 55
427 60
428 66
429 51
430 59
431 56
432 68
433 58
434 54
435 65
436 61
437 55
438 64
439 59
440 71
441 59
442 60
443 70
444 58
445 61
446 67
447 62
448 59
449 60
450 77
451 61
452 57
453 48
454 57
455 55
456 62
457 63
458 62
459 61
460 65
461 63
462 66
463 51
464 57
465 60
466 63
467 63
468 62
469 45
470 59
471 58
472 48
473 69
474 56
475 60
476 55
477 68
478 47
479 51
480 57
481 66
482 63
483 60
484 44
485 60
486 51
487 45
488 69
489 60
490 58
491 54
492 57
493 71
494 57
495 56
496 59
497 66
498 50
499 53
500 67
501 52
502 71
503 51
504 62
505 68
506 60
507 62
508 65
509 57
510 51
511 69
512 65
513 51
514 50
515 49
516 61
517 60
518 60
519 58
520 63
521 52
522 54
523 59
524 61
525 60
526 62
527 66
528 65
529 47
530 56
531 62
532 61
533 49
534 47
535 64
536 51
537 52
538 55
539 61
540 59
541 59
542 61
543 54
544 59
545 65
546 57
547 47
548 54
549 50
550 58
551 69
552 51
553 66
554 57
555 49
556 64
557 60
558 51
559 62
560 52
561 50
562 48
563 59
564 60
565 50
566 63
567 54
568 57
569 47
570 55
571 53
572 52
573 62
574 54
575 60
576 65
577 63
578 54
579 55
580 67
581 69
582 56
583 62
584 64
585 56
586 60
587 67
588 62
589 59
590 61
591 53
592 65
593 68
594 48
595 60
596 57
597 49
598 62
599 59
600 49
601 45
602 56
603 66
604 54
605 53
606 53
607 56
608 60
609 76
610 60
611 48
612 53
613 56
614 55
615 49
616 53
617 60
618 58
619 51
620 66
621 58
622 65
623 78
624 54
625 43
626 66
627 60
628 60
629 58
630 55
631 56
632 60
633 50
634 57
635 65
636 52
637 59
638 64
639 62
640 53
641 51
642 61
643 52
644 57
645 54
646 44
647 58
648 67
649 54
650 52
651 57
652 57
653 50
654 52
655 67
656 49
657 60
658 52
659 56
660 59
661 59
662 48
663 61
664 56
665 50
666 60
667 54
668 59
669 70
670 56
671 54
672 60
673 63
674 49
675 49
676 52
677 58
678 61
679 51
680 45
681 64
682 46
683 52
684 67
685 61
686 62
687 59
688 67
689 62
690 52
691 52
692 56
693 65
694 66
695 59
696 54
697 56
698 55
699 70
700 59
701 58
702 57
703 54
704 58
705 50
706 58
707 61
708 56
709 53
710 62
711 49
712 57
713 54
714 58
715 59
716 53
717 58
718 53
719 54
720 57
721 65
722 65
723 60
724 61
725 62
726 59
727 59
728 56
729 62
730 54
731 67
732 59
733 62
734 60
735 52
736 54
737 52
738 67
739 57
740 60
741 67
742 56
743 65
744 63
745 59
746 54
747 55
748 52
749 58
750 55
751 53
752 57
753 56
754 62
755 60
756 54
757 63
758 63
759 59
760 55
761 72
762 67
763 63
764 56
765 56
766 67
767 52
768 62
769 62
770 58
771 61
772 61
773 75
774 60
775 69
776 49
777 50
778 53
779 55
780 51
781 56
782 50
783 69
784 66
785 56
786 50
787 54
788 56
789 58
790 67
791 56
792 57
793 74
794 63
795 57
796 64
797 68
798 57
799 50
800 70
801 43
802 59
803 56
804 61
805 52
806 67
807 64
808 62
809 58
810 56
811 55
812 56
813 42
814 63
815 61
816 65
817 52
818 63
819 65
820 56
821 51
822 54
823 53
824 57
825 59
826 61
827 55
828 56
829 58
830 63
831 52
832 53
833 61
834 49
835 63
836 65
837 62
838 59
839 57
840 61
841 70
842 59
843 55
844 62
845 52
846 47
847 58
848 62
849 63
850 59
851 58
852 59
853 55
854 67
855 62
856 55
857 52
858 62
859 62
860 50
861 53
862 55
863 51
864 49
865 46
866 51
867 67
868 58
869 72
870 59
871 57
872 65
873 59
874 54
875 52
876 64
877 72
878 50
879 61
880 65
881 56
882 55
883 67
884 55
885 65
886 60
887 57
888 64
889 60
890 56
891 52
892 63
893 65
894 55
895 58
896 50
897 67
898 65
899 56
900 63
901 62
902 79
903 67
904 68
905 55
906 67
907 55
908 56
909 64
910 63
911 56
912 54
913 69
914 62
915 53
916 55
917 62
918 61
919 45
920 50
921 71
922 65
923 54
924 63
925 53
926 56
927 49
928 61
929 58
930 51
931 50
932 60
933 55
934 61
935 61
936 47
937 61
938 68
939 51
940 55
941 64
942 52
943 73
944 56
945 41
946 51
947 51
948 45
949 59
950 63
951 45
952 64
953 46
954 69
955 51
956 49
957 56
958 58
959 54
960 55
961 54
962 54
963 58
964 52
965 53
966 58
967 47
968 48
969 47
970 63
971 58
972 61
973 61
974 52
975 66
976 64
977 50
978 58
979 55
980 58
981 60
982 58
983 61
984 52
985 59
986 59
987 51
988 71
989 56
990 56
991 72
992 59
993 67
994 60
995 56
996 64
997 65
998 68
999 67
1000 53
1001 62
1002 47
1003 59
1004 51
1005 58
1006 55
1007 54
1008 60
1009 62
1010 56
1011 58
1012 45
1013 47
1014 67
1015 47
1016 63
1017 53
1018 52
1019 54
1020 64
1021 60
1022 46
1023 59
1024 44
1025 56
1026 65
1027 47
1028 60
1029 67
1030 67
1031 52
1032 54
1033 69
1034 61
1035 55
1036 48
1037 62
1038 67
1039 64
1040 68
1041 65
1042 67
1043 57
1044 59
1045 63
1046 56
1047 55
1048 61
1049 62
1050 58
1051 55
1052 52
1053 58
1054 49
1055 54
1056 49
1057 62
1058 42
1059 64
1060 65
1061 67
1062 57
1063 53
1064 64
1065 50
1066 64
1067 67
1068 58
1069 66
1070 60
1071 67
1072 60
1073 58
1074 55
1075 51
1076 52
1077 56
1078 52
1079 41
1080 52
1081 61
1082 59
1083 58
1084 65
1085 61
1086 59
1087 61
1088 66
1089 65
1090 67
1091 59
1092 60
1093 69
1094 67
1095 55
1096 61
1097 58
1098 60
1099 59
1100 65
1101 58
1102 60
1103 62
1104 51
1105 62
1106 59
1107 66
1108 59
1109 66
1110 66
1111 63
1112 55
1113 53
1114 59
1115 72
1116 59
1117 55
1118 56
1119 56
1120 56
1121 69
1122 54
1123 54
1124 55
1125 57
1126 60
1127 57
1128 56
1129 52
1130 55
1131 56
1132 68
1133 55
1134 58
1135 58
1136 53
1137 58
1138 64
1139 52
1140 54
1141 66
1142 66
1143 42
1144 56
1145 50
1146 54
1147 59
1148 51
1149 56
1150 59
1151 71
1152 56
1153 63
1154 58
1155 67
1156 61
1157 56
1158 57
1159 55
1160 56
1161 62
1162 55
1163 64
1164 58
1165 57
1166 60
1167 53
1168 71
1169 56
1170 49
1171 63
1172 63
1173 58
1174 56
1175 63
1176 62
1177 47
1178 49
1179 68
1180 57
1181 63
1182 55
1183 65
1184 47
1185 58
1186 53
1187 58
1188 57
1189 56
1190 54
1191 54
1192 54
1193 58
1194 64
1195 59
1196 72
1197 56
1198 62
1199 46
1200 64
1201 57
1202 58
1203 52
1204 69
1205 61
1206 56
1207 52
1208 46
1209 59
1210 60
1211 57
1212 58
1213 62
1214 59
1215 59
1216 52
1217 62
1218 62
1219 55
1220 62
1221 50
1222 64
1223 71
1224 55
1225 43
1226 62
1227 49
1228 59
1229 59
1230 49
1231 69
1232 53
1233 66
1234 59
1235 64
1236 56
1237 48
1238 56
1239 58
1240 66
1241 60
1242 56
1243 55
1244 63
1245 56
1246 54
1247 60
1248 53
1249 59
1250 60
1251 55
1252 62
1253 57
1254 56
1255 64
1256 64
1257 56
1258 69
1259 54
1260 65
1261 54
1262 54
1263 70
1264 53
1265 72
1266 52
1267 56
1268 64
1269 68
1270 68
1271 65
1272 50
1273 66
1274 51
1275 50
1276 55
1277 58
1278 59
1279 62
1280 61
1281 68
1282 60
1283 69
1284 50
1285 58
1286 68
1287 61
1288 67
1289 56
1290 48
1291 63
1292 73
1293 58
1294 59
1295 53
1296 69
1297 69
1298 68
1299 59
1300 53
1301 71
1302 63
1303 64
1304 53
1305 59
1306 52
1307 73
1308 54
1309 65
1310 61
1311 69
1312 51
1313 60
1314 59
1315 60
1316 63
1317 58
1318 67
1319 66
1320 59
1321 59
1322 67
1323 68
1324 65
1325 56
1326 60
1327 62
1328 51
1329 64
1330 58
1331 68
1332 65
1333 60
1334 64
1335 64
1336 59
1337 54
1338 49
1339 59
1340 52
1341 53
1342 60
1343 53
1344 57
1345 66
1346 62
1347 55
1348 60
1349 58
1350 59
1351 48
1352 62
1353 48
1354 59
1355 43
1356 63
1357 65
1358 58
1359 55
1360 61
1361 60
1362 54
1363 60
1364 51
1365 59
1366 64
1367 51
1368 62
1369 48
1370 68
1371 59
1372 46
1373 51
1374 57
1375 60
1376 49
1377 60
1378 71
1379 66
1380 56
1381 58
1382 61
1383 66
1384 61
1385 50
1386 60
1387 63
1388 59
1389 52
1390 62
1391 59
1392 59
1393 71
1394 58
1395 51
1396 52
1397 59
1398 58
1399 55
1400 61
1401 60
1402 55
1403 57
1404 65
1405 53
1406 55
1407 61
1408 61
1409 54
1410 48
1411 59
1412 51
1413 58
1414 56
1415 63
1416 56
1417 54
1418 59
1419 59
1420 53
1421 56
1422 55
1423 55
1424 56
1425 49
1426 59
1427 62
1428 60
1429 58
1430 48
1431 56
1432 56
1433 62
1434 56
1435 66
1436 52
1437 54
1438 49
1439 59
1440 53
1441 55
1442 63
1443 62
1444 69
1445 67
1446 62
1447 64
1448 61
1449 60
1450 61
1451 50
1452 59
1453 61
1454 55
1455 49
1456 57
1457 65
1458 59
1459 48
1460 61
1461 58
1462 61
1463 52
1464 61
1465 50
1466 63
1467 59
1468 61
1469 64
1470 56
1471 55
1472 56
1473 56
1474 58
1475 65
1476 55
1477 68
1478 66
1479 62
1480 53
1481 56
1482 62
1483 54
1484 65
1485 70
1486 62
1487 58
1488 50
1489 45
1490 62
1491 56
1492 45
1493 49
1494 56
1495 47
1496 54
1497 69
1498 49
1499 52
1500 53
1501 60
1502 60
1503 65
1504 58
1505 44
1506 60
1507 65
1508 55
1509 54
1510 57
1511 62
1512 54
1513 71
1514 58
1515 78
1516 50
1517 61
1518 54
1519 65
1520 64
1521 62
1522 53
1523 69
1524 64
1525 66
1526 65
1527 55
1528 61
1529 52
1530 59
1531 69
1532 65
1533 69
1534 57
1535 69
1536 70
1537 61
1538 66
1539 62
1540 62
1541 62
1542 75
1543 67
1544 66
1545 69
1546 64
1547 63
1548 62
1549 58
1550 59
1551 70
1552 69
1553 59
1554 52
1555 53
1556 58
1557 68
1558 62
1559 61
1560 59
1561 58
1562 57
1563 70
1564 57
1565 67
1566 69
1567 60
1568 57
1569 62
1570 65
1571 69
1572 66
1573 64
1574 64
1575 64
1576 51
1577 54
1578 61
1579 61
1580 67
1581 69
1582 71
1583 62
1584 62
1585 61
1586 57
1587 65
1588 64
1589 60
1590 68
1591 53
1592 67
1593 71
1594 61
1595 71
1596 58
1597 55
1598 65
1599 63
1600 56
1601 55
1602 64
1603 69
1604 56
1605 65
1606 53
1607 62
1608 61
1609 59
1610 64
1611 67
1612 46
1613 59
1614 57
1615 69
1616 64
1617 71
1618 62
1619 66
1620 66
1621 71
1622 57
1623 67
1624 66
1625 65
1626 62
1627 69
1628 54
1629 60
1630 63
1631 61
1632 59
1633 59
1634 63
1635 77
1636 66
1637 61
1638 65
1639 64
1640 61
1641 57
1642 49
1643 63
1644 62
1645 68
1646 52
1647 56
1648 66
1649 67
1650 71
1651 61
1652 65
1653 57
1654 63
1655 72
1656 53
1657 56
1658 63
1659 59
1660 64
1661 49
1662 71
1663 58
1664 64
1665 64
1666 66
1667 58
1668 62
1669 56
1670 55
1671 49
1672 55
1673 59
1674 65
1675 57
1676 61
1677 61
1678 58
1679 48
1680 58
1681 64
1682 49
1683 56
1684 50
1685 62
1686 64
1687 58
1688 60
1689 54
1690 61
1691 70
1692 61
1693 59
1694 51
1695 60
1696 56
1697 62
1698 60
1699 53
1700 64
1701 62
1702 65
1703 70
1704 55
1705 50
1706 63
1707 61
1708 48
1709 55
1710 59
1711 59
1712 64
1713 55
1714 68
1715 59
1716 65
1717 52
1718 57
1719 60
1720 52
1721 66
1722 59
1723 62
1724 60
1725 59
1726 65
1727 58
1728 57
1729 49
1730 47
1731 58
1732 63
1733 68
1734 59
1735 64
1736 51
1737 57
1738 60
1739 58
1740 56
1741 66
1742 60
1743 56
1744 67
1745 49
1746 79
1747 62
1748 70
1749 56
1750 68
1751 54
1752 57
1753 57
1754 60
1755 53
1756 50
1757 67
1758 64
1759 58
1760 67
1761 63
1762 59
1763 62
1764 70
1765 60
1766 69
1767 65
1768 54
1769 57
1770 68
1771 63
1772 52
1773 62
1774 57
1775 67
1776 67
1777 59
1778 62
1779 53
1780 57
1781 55
1782 50
1783 69
1784 65
1785 47
1786 69
1787 61
1788 55
1789 54
1790 54
1791 63
1792 71
1793 57
1794 57
1795 58
1796 55
1797 70
1798 56
1799 57
1800 61
1801 58
1802 71
1803 64
1804 49
1805 58
1806 68
1807 66
1808 61
1809 63
1810 60
1811 53
1812 48
1813 65
1814 52
1815 45
1816 70
1817 57
1818 50
1819 65
1820 63
1821 65
1822 64
1823 55
1824 67
1825 59
1826 56
1827 53
1828 54
1829 67
1830 57
1831 58
1832 50
1833 63
1834 51
1835 57
1836 58
1837 54
1838 51
1839 60
1840 55
1841 74
1842 52
1843 55
1844 58
1845 62
1846 56
1847 55
1848 66
1849 61
1850 51
1851 63
1852 55
1853 57
1854 52
1855 58
1856 62
1857 56
1858 60
1859 62
1860 69
1861 71
1862 54
1863 62
1864 57
1865 67
1866 46
1867 68
1868 54
1869 52
1870 51
1871 50
1872 59
1873 58
1874 64
1875 63
1876 57
1877 57
1878 61
1879 64
1880 61
1881 56
1882 50
1883 65
1884 64
1885 63
1886 54
1887 64
1888 57
1889 57
1890 68
1891 68
1892 52
1893 60
1894 56
1895 66
1896 59
1897 49
1898 63
1899 61
1900 58
1901 75
1902 61
1903 69
1904 53
1905 58
1906 50
1907 57
1908 71
1909 53
1910 57
1911 59
1912 60
1913 61
1914 52
1915 51
1916 60
1917 52
1918 61
1919 54
1920 64
1921 53
1922 54
1923 59
1924 60
1925 63
1926 51
1927 61
1928 63
1929 60
1930 66
1931 56
1932 66
1933 49
1934 59
1935 64
1936 64
1937 47
1938 50
1939 45
1940 62
1941 61
1942 61
1943 57
1944 66
1945 55
1946 66
1947 50
1948 54
1949 60
1950 47
1951 58
1952 59
1953 52
1954 69
1955 64
1956 62
1957 60
1958 47
1959 63
1960 53
1961 53
1962 57
1963 51
1964 56
1965 65
1966 58
1967 62
1968 59
1969 53
1970 78
1971 57
1972 62
1973 69
1974 51
1975 60
1976 68
1977 59
1978 57
1979 62
1980 69
1981 64
1982 59
1983 55
1984 55
1985 55
1986 67
1987 55
1988 66
1989 63
1990 56
1991 58
1992 61
1993 63
1994 49
1995 68
1996 54
1997 53
1998 64
1999 55
2000 53
2001 59
2002 53
2003 66
2004 55
2005 59
2006 54
2007 50
2008 58
2009 61
2010 58
2011 66
2012 59
2013 60
2014 54
2015 49
2016 51
2017 65
2018 63
2019 60
2020 53
2021 64
2022 58
2023 60
2024 54
2025 55
2026 55
2027 56
2028 60
2029 56
2030 55
2031 55
2032 64
2033 64
2034 56
2035 63
2036 58
2037 60
2038 59
2039 59
2040 56
2041 61
2042 60
2043 61
2044 56
2045 64
2046 60
2047 55
2048 67
2049 61
2050 65
2051 61
2052 53
2053 56
2054 63
2055 49
2056 53
2057 54
2058 54
2059 53
2060 54
2061 50
2062 51
2063 67
2064 59
2065 63
2066 62
2067 53
2068 63
2069 54
2070 46
2071 63
2072 53
2073 65
2074 64
2075 68
2076 57
2077 65
2078 47
2079 53
2080 62
2081 61
2082 58
2083 51
2084 68
2085 55
2086 56
2087 55
2088 59
2089 58
2090 62
2091 64
2092 57
2093 57
2094 59
2095 57
2096 60
2097 54
2098 60
2099 63
2100 67
2101 71
2102 54
2103 62
2104 64
2105 55
2106 59
2107 62
2108 65
2109 66
2110 65
2111 50
2112 47
2113 56
2114 56
2115 66
2116 61
2117 55
2118 54
2119 59
2120 58
2121 56
2122 57
2123 53
2124 60
2125 74
2126 61
2127 53
2128 58
2129 66
2130 55
2131 54
2132 60
2133 55
2134 68
2135 52
2136 62
2137 60
2138 51
2139 58
2140 57
2141 66
2142 61
2143 63
2144 69
2145 62
2146 59
2147 65
2148 62
2149 62
2150 60
2151 54
2152 62
2153 54
2154 52
2155 69
2156 48
2157 60
2158 51
2159 66
2160 64
2161 66
2162 60
2163 50
2164 64
2165 59
2166 56
2167 56
2168 50
2169 57
2170 57
2171 67
2172 50
2173 67
2174 62
2175 52
2176 55
2177 54
2178 57
2179 56
2180 57
2181 63
2182 52
2183 67
2184 58
2185 61
2186 55
2187 64
2188 65
2189 62
2190 55
2191 52
2192 53
2193 63
2194 67
2195 59
2196 55
2197 55
2198 63
2199 51
2200 66
2201 54
2202 59
2203 61
2204 51
2205 53
2206 58
2207 62
2208 49
2209 66
2210 54
2211 57
2212 62
2213 67
2214 53
2215 58
2216 50
2217 53
2218 72
2219 53
2220 53
2221 49
2222 65
2223 48
2224 54
2225 57
2226 54
2227 59
2228 55
2229 65
2230 56
2231 65
2232 57
2233 54
2234 61
2235 68
2236 49
2237 67
2238 66
2239 55
2240 54
2241 58
2242 58
2243 62
2244 47
2245 61
2246 63
2247 59
2248 66
2249 58
2250 54
2251 63
2252 62
2253 65
2254 57
2255 60
2256 58
2257 66
2258 55
2259 57
2260 68
2261 68
2262 53
2263 44
2264 57
2265 57
2266 63
2267 66
2268 62
2269 58
2270 61
2271 61
2272 52
2273 65
2274 52
2275 70
2276 69
2277 54
2278 57
2279 50
2280 68
2281 62
2282 64
2283 57
2284 53
2285 55
2286 57
2287 54
2288 58
2289 49
2290 56
2291 58
2292 60
2293 52
2294 61
2295 70
2296 48
2297 52
2298 55
2299 60
2300 67
2301 54
2302 51
2303 58
2304 60
2305 51
2306 62
2307 53
2308 46
2309 49
2310 60
2311 54
2312 49
2313 50
2314 60
2315 57
2316 56
2317 62
2318 57
2319 56
2320 63
2321 48
2322 63
2323 57
2324 54
2325 67
2326 58
2327 58
2328 51
2329 66
2330 60
2331 60
2332 59
2333 52
2334 53
2335 49
2336 59
2337 54
2338 51
2339 66
2340 56
2341 42
2342 50
2343 55
2344 59
2345 60
2346 57
2347 56
2348 55
2349 61
2350 59
2351 47
2352 54
2353 56
2354 68
2355 48
2356 61
2357 45
2358 56
2359 67
2360 55
2361 56
2362 50
2363 59
2364 48
2365 53
2366 52
2367 55
2368 48
2369 48
2370 55
2371 65
2372 56
2373 55
2374 58
2375 61
2376 48
2377 53
2378 53
2379 51
2380 59
2381 63
2382 61
2383 62
2384 46
2385 57
2386 46
2387 53
2388 60
2389 62
2390 53
2391 50
2392 58
2393 49
2394 53
2395 56
2396 66
2397 56
2398 57
2399 54
2400 65
2401 55
2402 53
2403 56
2404 51
2405 58
2406 49
2407 60
2408 52
2409 59
2410 60
2411 59
2412 67
2413 55
2414 65
2415 72
2416 52
2417 54
2418 67
2419 70
2420 69
2421 52
2422 68
2423 66
2424 59
2425 49
2426 68
2427 64
2428 62
2429 53
2430 55
2431 75
2432 64
2433 58
2434 57
2435 63
2436 53
2437 50
2438 60
2439 53
2440 67
2441 62
2442 59
2443 67
2444 65
2445 62
2446 67
2447 71
2448 54
2449 53
2450 58
2451 64
2452 68
2453 56
2454 55
2455 62
2456 61
2457 61
2458 57
2459 65
2460 59
2461 61
2462 66
2463 63
2464 55
2465 51
2466 56
2467 50
2468 58
2469 71
2470 51
2471 66
2472 69
2473 61
2474 67
2475 55
2476 54
2477 69
2478 65
2479 56
2480 63
2481 57
2482 63
2483 57
2484 66
2485 60
2486 67
2487 67
2488 58
2489 56
2490 71
2491 67
2492 56
2493 66
2494 59
2495 52
2496 55
2497 62
2498 68
2499 62
2500 52
2501 59
2502 60
2503 56
2504 48
2505 58
2506 49
2507 52
2508 68
2509 71
2510 56
2511 53
2512 53
2513 63
2514 58
2515 60
2516 59
2517 63
2518 50
2519 62
2520 64
2521 51
2522 67
2523 61
2524 69
2525 60
2526 49
2527 57
2528 64
2529 58
2530 56
2531 52
2532 55
2533 60
2534 65
2535 49
2536 60
2537 53
2538 74
2539 48
2540 61
2541 46
2542 55
2543 68
2544 60
2545 52
2546 66
2547 63
2548 64
2549 63
2550 58
2551 62
2552 65
2553 60
2554 56
2555 62
2556 62
2557 53
2558 66
2559 53
2560 61
2561 52
2562 73
2563 66
2564 58
2565 62
2566 56
2567 51
2568 38
2569 66
2570 59
2571 51
2572 70
2573 57
2574 58
2575 67
2576 70
2577 62
2578 62
2579 59
2580 64
2581 58
2582 59
2583 65
2584 48
2585 55
2586 60
2587 57
2588 52
2589 65
2590 48
2591 65
2592 48
2593 52
2594 66
2595 57
2596 54
2597 66
2598 58
2599 60
2600 67
2601 70
2602 68
2603 60
2604 65
2605 64
2606 50
2607 51
2608 59
2609 57
2610 69
2611 61
2612 56
2613 62
2614 54
2615 53
2616 54
2617 60
2618 43
2619 60
2620 51
2621 55
2622 46
2623 65
2624 53
2625 55
2626 56
2627 64
2628 60
2629 55
2630 50
2631 59
2632 63
2633 67
2634 55
2635 53
2636 51
2637 70
2638 58
2639 54
2640 62
2641 57
2642 57
2643 56
2644 49
2645 68
2646 62
2647 54
2648 62
2649 63
2650 55
2651 60
2652 56
2653 52
2654 47
2655 59
2656 55
2657 56
2658 42
2659 45
2660 54
2661 62
2662 56
2663 63
2664 62
2665 62
2666 62
2667 66
2668 58
2669 59
2670 53
2671 57
2672 52
2673 60
2674 66
2675 61
2676 52
2677 56
2678 53
2679 58
2680 52
2681 56
2682 59
2683 61
2684 51
2685 62
2686 52
2687 62
2688 60
2689 46
2690 60
2691 59
2692 53
2693 62
2694 52
2695 61
2696 65
2697 66
2698 56
2699 53
2700 49
2701 59
2702 64
2703 54
2704 68
2705 61
2706 58
2707 52
2708 54
2709 53
2710 60
2711 67
2712 53
2713 63
2714 57
2715 60
2716 57
2717 70
2718 52
2719 63
2720 50
2721 50
2722 48
2723 57
2724 52
2725 61
2726 63
2727 59
2728 56
2729 52
2730 47
2731 62
2732 58
2733 63
2734 61
2735 63
2736 69
2737 60
2738 64
2739 67
2740 60
2741 65
2742 54
2743 57
2744 65
2745 53
2746 60
2747 57
2748 58
2749 69
2750 53
2751 57
2752 66
2753 70
2754 61
2755 70
2756 62
2757 50
2758 69
2759 61
2760 64
2761 73
2762 52
2763 59
2764 56
2765 47
2766 68
2767 58
2768 50
2769 67
2770 63
2771 63
2772 63
2773 58
2774 55
2775 71
2776 61
2777 56
2778 62
2779 69
2780 65
2781 60
2782 43
2783 63
2784 62
2785 66
2786 60
2787 57
2788 54
2789 58
2790 49
2791 59
2792 49
2793 60
2794 59
2795 73
2796 64
2797 52
2798 64
2799 63
2800 67
2801 68
2802 59
2803 54
2804 60
2805 60
2806 61
2807 54
2808 63
2809 61
2810 55
2811 59
2812 59
2813 56
2814 62
2815 64
2816 50
2817 52
2818 61
2819 62
2820 59
2821 63
2822 74
2823 63
2824 54
2825 60
2826 70
2827 71
2828 66
2829 66
2830 55
2831 54
2832 62
2833 60
2834 65
2835 53
2836 49
2837 63
2838 52
2839 52
2840 60
2841 51
2842 58
2843 66
2844 47
2845 53
2846 48
2847 54
2848 71
2849 55
2850 60
2851 53
2852 54
2853 48
2854 57
2855 66
2856 60
2857 67
2858 61
2859 61
2860 57
2861 64
2862 62
2863 56
2864 51
2865 64
2866 55
2867 59
2868 61
2869 62
2870 55
2871 52
2872 59
2873 58
2874 56
2875 73
2876 72
2877 51
2878 59
2879 67
2880 67
2881 60
2882 54
2883 58
2884 64
2885 54
2886 56
2887 55
2888 51
2889 69
2890 59
2891 51
2892 61
2893 50
2894 55
2895 58
2896 62
2897 56
2898 70
2899 62
2900 56
2901 59
2902 47
2903 60
2904 57
2905 59
2906 62
2907 64
2908 58
2909 57
2910 58
2911 60
2912 59
2913 64
2914 57
2915 53
2916 55
2917 63
2918 58
2919 54
2920 60
2921 71
2922 56
2923 62
2924 54
2925 56
2926 57
2927 57
2928 59
2929 64
2930 57
2931 54
2932 56
2933 60
2934 62
2935 54
2936 64
2937 58
2938 58
2939 59
2940 48
2941 55
2942 51
2943 50
2944 58
2945 47
2946 57
2947 50
2948 60
2949 61
2950 64
2951 58
2952 59
2953 50
2954 55
2955 46
2956 53
2957 61
2958 55
2959 49
2960 51
2961 63
2962 65
2963 63
2964 45
2965 50
2966 56
2967 54
2968 54
2969 66
2970 57
2971 64
2972 56
2973 61
2974 50
2975 62
2976 57
2977 51
2978 67
2979 61
2980 47
2981 51
2982 51
2983 61
2984 63
2985 67
2986 52
2987 63
2988 60
2989 50
2990 53
2991 56
2992 63
2993 63
2994 58
2995 58
2996 57
2997 62
2998 53
2999 54
3000 48
3001 53
3002 50
3003 63
3004 58
3005 60
3006 53
3007 54
3008 53
3009 51
3010 43
3011 41
3012 56
3013 56
3014 57
3015 60
3016 59
3017 57
3018 55
3019 58
3020 58
3021 61
3022 57
3023 55
3024 55
3025 54
3026 66
3027 58
3028 58
3029 67
3030 60
3031 56
3032 57
3033 47
3034 61
3035 39
3036 55
3037 54
3038 55
3039 72
3040 52
3041 67
3042 69
3043 62
3044 49
3045 61
3046 57
3047 65
3048 56
3049 64
3050 63
3051 55
3052 53
3053 59
3054 61
3055 69
3056 55
3057 60
3058 58
3059 65
3060 65
3061 60
3062 58
3063 67
3064 59
3065 53
3066 55
3067 54
3068 53
3069 60
3070 64
3071 63
3072 60
3073 54
3074 67
3075 63
3076 57
3077 68
3078 57
3079 57
3080 54
3081 60
3082 49
3083 59
3084 60
3085 59
3086 60
3087 70
3088 57
3089 61
3090 62
3091 55
3092 59
3093 54
3094 52
3095 64
3096 52
3097 53
3098 63
3099 56
3100 56
3101 53
3102 58
3103 67
3104 54
3105 57
3106 75
3107 57
3108 56
3109 69
3110 61
3111 61
3112 61
3113 58
3114 58
3115 51
3116 54
3117 55
3118 56
3119 62
3120 54
3121 63
3122 56
3123 60
3124 63
3125 55
3126 59
3127 56
3128 60
3129 69
3130 55
3131 55
3132 63
3133 60
3134 64
3135 61
3136 65
3137 55
3138 63
3139 47
3140 71
3141 55
3142 59
3143 51
3144 60
3145 64
3146 65
3147 60
3148 61
3149 57
3150 58
3151 57
3152 47
3153 66
3154 63
3155 60
3156 65
3157 54
3158 59
3159 72
3160 59
3161 59
3162 62
3163 61
3164 56
3165 61
3166 54
3167 57
3168 52
3169 58
3170 56
3171 51
3172 64
3173 59
3174 62
3175 61
3176 55
3177 56
3178 70
3179 52
3180 67
3181 51
3182 65
3183 67
3184 58
3185 54
3186 54
3187 51
3188 51
3189 62
3190 57
3191 64
3192 53
3193 75
3194 58
3195 58
3196 66
3197 61
3198 55
3199 68
3200 67
3201 62
3202 60
3203 66
3204 56
3205 63
3206 50
3207 50
3208 57
3209 57
3210 59
3211 62
3212 65
3213 53
3214 58
3215 68
3216 58
3217 69
3218 50
3219 63
3220 65
3221 55
3222 70
3223 63
3224 54
3225 49
3226 49
3227 62
3228 60
3229 58
3230 58
3231 58
3232 59
3233 52
3234 57
3235 53
3236 47
3237 68
3238 65
3239 52
3240 55
3241 56
3242 59
3243 62
3244 69
3245 52
3246 60
3247 54
3248 53
3249 54
3250 57
3251 57
3252 65
3253 54
3254 58
3255 63
3256 60
3257 61
3258 54
3259 60
3260 69
3261 58
3262 31
3263 56
3264 59
3265 53
3266 49
3267 56
3268 49
3269 56
3270 56
3271 51
3272 57
3273 61
3274 55
3275 49
3276 50
3277 57
3278 63
3279 49
3280 58
3281 60
3282 47
3283 45
3284 55
3285 49
3286 63
3287 65
3288 54
3289 61
3290 65
3291 59
3292 58
3293 57
3294 60
3295 63
3296 56
3297 54
3298 58
3299 40
3300 49
3301 54
3302 65
3303 66
3304 65
3305 64
3306 56
3307 57
3308 60
3309 50
3310 57
3311 57
3312 59
3313 57
3314 63
3315 63
3316 67
3317 59
3318 55
3319 62
3320 47
3321 61
3322 49
3323 66
3324 59
3325 57
3326 65
3327 58
3328 55
3329 58
3330 49
3331 58
3332 64
3333 61
3334 66
3335 56
3336 48
3337 61
3338 55
3339 52
3340 55
3341 60
3342 53
3343 51
3344 55
3345 57
3346 54
3347 64
3348 64
3349 71
3350 65
3351 66
3352 65
3353 56
3354 46
3355 53
3356 68
3357 55
3358 56
3359 53
3360 53
3361 69
3362 58
3363 64
3364 58
3365 58
3366 61
3367 52
3368 56
3369 69
3370 62
3371 63
3372 51
3373 58
3374 56
3375 69
3376 65
3377 60
3378 61
3379 68
3380 56
3381 52
3382 59
3383 67
3384 69
3385 62
3386 52
3387 49
3388 65
3389 63
3390 65
3391 56
3392 62
3393 63
3394 51
3395 51
3396 63
3397 65
3398 61
3399 49
3400 43
3401 63
3402 58
3403 56
3404 60
3405 49
3406 57
3407 58
3408 52
3409 56
3410 58
3411 63
3412 53
3413 54
3414 53
3415 49
3416 60
3417 53
3418 69
3419 58
3420 53
3421 46
3422 49
3423 59
3424 62
3425 68
3426 64
3427 56
3428 63
3429 44
3430 56
3431 64
3432 56
3433 60
3434 58
3435 63
3436 70
3437 62
3438 60
3439 57
3440 53
3441 61
3442 58
3443 51
3444 54
3445 57
3446 56
3447 62
3448 60
3449 57
3450 45
3451 51
3452 70
3453 58
3454 58
3455 64
3456 64
3457 55
3458 61
3459 54
3460 57
3461 76
3462 60
3463 51
3464 50
3465 55
3466 60
3467 47
3468 59
3469 59
3470 66
3471 62
3472 46
3473 64
3474 52
3475 71
3476 64
3477 61
3478 60
3479 67
3480 66
3481 52
3482 66
3483 55
3484 63
3485 63
3486 68
3487 61
3488 62
3489 48
3490 47
3491 61
3492 48
3493 55
3494 66
3495 57
3496 72
3497 53
3498 52
3499 52
3500 62
3501 63
3502 50
3503 70
3504 62
3505 62
3506 50
3507 65
3508 56
3509 63
3510 66
3511 56
3512 69
3513 71
3514 60
3515 56
3516 58
3517 57
3518 58
3519 57
3520 56
3521 51
3522 69
3523 68
3524 63
3525 52
3526 60
3527 63
3528 55
3529 58
3530 65
3531 68
3532 51
3533 59
3534 55
3535 62
3536 59
3537 65
3538 55
3539 60
3540 47
3541 63
3542 53
3543 52
3544 61
3545 49
3546 72
3547 60
3548 66
3549 55
3550 63
3551 66
3552 57
3553 61
3554 48
3555 58
3556 54
3557 52
3558 64
3559 65
3560 57
3561 61
3562 52
3563 53
3564 60
3565 52
3566 56
3567 67
3568 56
3569 66
3570 53
3571 53
3572 55
3573 50
3574 48
3575 60
3576 52
3577 48
3578 60
3579 60
3580 62
3581 65
3582 46
3583 53
3584 71
3585 62
3586 65
3587 54
3588 68
3589 70
3590 55
3591 59
3592 64
3593 66
3594 66
3595 60
3596 56
3597 60
3598 46
3599 56
3600 63
3601 50
3602 49
3603 53
3604 54
3605 48
3606 54
3607 49
3608 62
3609 54
3610 69
3611 58
3612 59
3613 57
3614 59
3615 58
3616 65
3617 64
3618 65
3619 66
3620 55
3621 55
3622 63
3623 48
3624 51
3625 60
3626 54
3627 58
3628 61
3629 62
3630 48
3631 54
3632 58
3633 47
3634 58
3635 54
3636 60
3637 57
3638 63
3639 55
3640 58
3641 67
3642 52
3643 58
3644 45
3645 56
3646 71
3647 52
3648 55
3649 59
3650 68
3651 55
3652 63
3653 58
3654 57
3655 68
3656 56
3657 56
3658 52
3659 57
3660 62
3661 51
3662 63
3663 57
3664 55
3665 52
3666 57
3667 65
3668 64
3669 70
3670 56
3671 65
3672 62
3673 69
3674 47
3675 57
3676 59
3677 64
3678 64
3679 48
3680 63
3681 57
3682 54
3683 59
3684 54
3685 61
3686 59
3687 70
3688 57
3689 58
3690 51
3691 64
3692 58
3693 52
3694 59
3695 54
3696 63
3697 54
3698 60
3699 56
3700 58
3701 48
3702 65
3703 54
3704 53
3705 48
3706 63
3707 56
3708 64
3709 61
3710 48
3711 58
3712 60
3713 59
3714 56
3715 44
3716 55
3717 45
3718 55
3719 51
3720 52
3721 51
3722 55
3723 60
3724 59
3725 61
3726 49
3727 57
3728 56
3729 62
3730 59
3731 69
3732 57
3733 57
3734 58
3735 62
3736 52
3737 42
3738 62
3739 57
3740 60
3741 59
3742 60
3743 52
3744 57
3745 59
3746 56
3747 56
3748 44
3749 58
3750 53
3751 59
3752 62
3753 69
3754 67
3755 58
3756 46
3757 59
3758 64
3759 54
3760 57
3761 56
3762 61
3763 62
3764 69
3765 56
3766 57
3767 55
3768 52
3769 53
3770 54
3771 64
3772 63
3773 52
3774 49
3775 38
3776 63
3777 49
3778 61
3779 60
3780 61
3781 56
3782 54
3783 64
3784 62
3785 57
3786 66
3787 57
3788 65
3789 64
3790 51
3791 55
3792 50
3793 62
3794 72
3795 57
3796 59
3797 60
3798 42
3799 62
3800 52
3801 58
3802 63
3803 54
3804 60
3805 56
3806 57
3807 57
3808 57
3809 64
3810 53
3811 50
3812 73
3813 66
3814 66
3815 62
3816 62
3817 61
3818 57
3819 62
3820 66
3821 61
3822 64
3823 69
3824 56
3825 56
3826 60
3827 58
3828 77
3829 65
3830 51
3831 58
3832 62
3833 69
3834 55
3835 57
3836 54
3837 63
3838 66
3839 62
3840 67
3841 66
3842 49
3843 54
3844 58
3845 63
3846 68
3847 65
3848 59
3849 60
3850 60
3851 48
3852 53
3853 59
3854 55
3855 52
3856 59
3857 72
3858 63
3859 69
3860 52
3861 47
3862 59
3863 59
3864 63
3865 61
3866 62
3867 59
3868 62
3869 58
3870 41
3871 59
3872 57
3873 74
3874 49
3875 51
3876 57
3877 55
3878 52
3879 57
3880 59
3881 50
3882 65
3883 56
3884 68
3885 55
3886 60
3887 67
3888 59
3889 66
3890 57
3891 58
3892 58
3893 52
3894 64
3895 59
3896 64
3897 50
3898 57
3899 64
3900 59
3901 61
3902 59
3903 70
3904 66
3905 60
3906 55
3907 51
3908 58
3909 54
3910 60
3911 48
3912 65
3913 60
3914 58
3915 56
3916 70
3917 64
3918 60
3919 62
3920 57
3921 56
3922 49
3923 57
3924 61
3925 52
3926 56
3927 56
3928 60
3929 52
3930 57
3931 64
3932 63
3933 44
3934 62
3935 55
3936 53
3937 53
3938 56
3939 53
3940 61
3941 59
3942 59
3943 69
3944 58
3945 63
3946 52
3947 52
3948 62
3949 61
3950 54
3951 48
3952 51
3953 68
3954 65
3955 62
3956 68
3957 61
3958 59
3959 63
3960 65
3961 61
3962 54
3963 61
3964 71
3965 61
3966 53
3967 64
3968 79
3969 59
3970 65
3971 57
3972 62
3973 67
3974 69
3975 56
3976 62
3977 59
3978 56
3979 56
3980 57
3981 58
3982 49
3983 68
3984 64
3985 67
3986 59
3987 56
3988 64
3989 61
3990 67
3991 66
3992 61
3993 54
3994 56
3995 53
3996 47
3997 76
3998 62
3999 62
4000 50
4001 56
4002 53
4003 61
4004 66
4005 64
4006 66
4007 69
4008 56
4009 52
4010 65
4011 57
4012 65
4013 54
4014 62
4015 58
4016 58
4017 65
4018 64
4019 64
4020 57
4021 64
4022 51
4023 62
4024 60
4025 59
4026 53
4027 55
4028 58
4029 62
4030 57
4031 70
4032 61
4033 51
4034 61
4035 72
4036 65
4037 40
4038 60
4039 61
4040 54
4041 45
4042 53
4043 62
4044 64
4045 61
4046 62
4047 61
4048 55
4049 54
4050 58
4051 62
4052 59
4053 57
4054 66
4055 67
4056 59
4057 63
4058 53
4059 57
4060 54
4061 59
4062 42
4063 58
4064 62
4065 64
4066 72
4067 61
4068 62
4069 55
4070 52
4071 62
4072 54
4073 48
4074 57
4075 57
4076 58
4077 62
4078 58
4079 62
4080 55
4081 53
4082 64
4083 58
4084 66
4085 70
4086 68
4087 52
4088 61
4089 54
4090 72
4091 57
4092 46
4093 61
4094 52
4095 58
4096 51
4097 55
4098 54
4099 52
4100 67
4101 63
4102 59
4103 59
4104 58
4105 58
4106 63
4107 58
4108 66
4109 58
4110 69
4111 57
4112 49
4113 59
4114 56
4115 52
4116 64
4117 57
4118 58
4119 59
4120 45
4121 50
4122 58
4123 64
4124 66
4125 58
4126 49
4127 66
4128 59
4129 55
4130 53
4131 59
4132 62
4133 67
4134 59
4135 63
4136 50
4137 66
4138 54
4139 57
4140 58
4141 57
4142 56
4143 72
4144 54
4145 59
4146 63
4147 58
4148 62
4149 59
4150 51
4151 61
4152 60
4153 67
4154 51
4155 65
4156 62
4157 64
4158 50
4159 62
4160 55
4161 60
4162 65
4163 58
4164 54
4165 62
4166 60
4167 58
4168 50
4169 57
4170 73
4171 52
4172 59
4173 62
4174 63
4175 59
4176 67
4177 60
4178 64
4179 58
4180 61
4181 57
4182 55
4183 67
4184 62
4185 63
4186 63
4187 61
4188 59
4189 59
4190 55
4191 68
4192 64
4193 64
4194 61
4195 59
4196 72
4197 57
4198 58
4199 65
4200 59
4201 54
4202 66
4203 63
4204 70
4205 64
4206 62
4207 61
4208 60
4209 64
4210 57
4211 59
4212 65
4213 67
4214 51
4215 53
4216 52
4217 66
4218 65
4219 58
4220 71
4221 53
4222 67
4223 63
4224 55
4225 60
4226 56
4227 76
4228 73
4229 65
4230 71
4231 60
4232 63
4233 51
4234 54
4235 59
4236 59
4237 59
4238 57
4239 57
4240 53
4241 72
4242 45
4243 51
4244 64
4245 50
4246 61
4247 68
4248 50
4249 60
4250 66
4251 58
4252 56
4253 51
4254 69
4255 65
4256 80
4257 63
4258 58
4259 68
4260 62
4261 58
4262 70
4263 61
4264 69
4265 76
4266 55
4267 57
4268 69
4269 68
4270 63
4271 64
4272 55
4273 62
4274 53
4275 67
4276 57
4277 53
4278 62
4279 63
4280 53
4281 67
4282 69
4283 48
4284 63
4285 62
4286 62
4287 52
4288 64
4289 66
4290 62
4291 72
4292 57
4293 64
4294 66
4295 54
4296 66
4297 55
4298 61
4299 65
4300 72
4301 73
4302 57
4303 59
4304 68
4305 51
4306 53
4307 63
4308 50
4309 64
4310 53
4311 51
4312 61
4313 65
4314 61
4315 65
4316 56
4317 55
4318 58
4319 52
4320 65
4321 46
4322 62
4323 63
4324 59
4325 51
4326 54
4327 66
4328 57
4329 67
4330 64
4331 62
4332 62
4333 63
4334 58
4335 64
4336 56
4337 71
4338 59
4339 57
4340 47
4341 56
4342 71
4343 57
4344 68
4345 59
4346 59
4347 65
4348 61
4349 67
4350 53
4351 50
4352 63
4353 48
4354 62
4355 55
4356 72
4357 55
4358 55
4359 59
4360 55
4361 56
4362 51
4363 69
4364 71
4365 53
4366 50
4367 56
4368 64
4369 62
4370 60
4371 53
4372 74
4373 60
4374 57
4375 78
4376 56
4377 69
4378 60
4379 60
4380 64
4381 64
4382 67
4383 57
4384 64
4385 55
4386 56
4387 62
4388 55
4389 57
4390 67
4391 64
4392 55
4393 70
4394 68
4395 60
4396 63
4397 49
4398 67
4399 57
4400 72
4401 72
4402 63
4403 64
4404 61
4405 60
4406 52
4407 57
4408 65
4409 56
4410 63
4411 64
4412 59
4413 55
4414 57
4415 59
4416 61
4417 52
4418 41
4419 60
4420 63
4421 62
4422 69
4423 66
4424 58
4425 55
4426 60
4427 56
4428 65
4429 54
4430 72
4431 57
4432 56
4433 57
4434 52
4435 63
4436 60
4437 55
4438 58
4439 61
4440 58
4441 53
4442 50
4443 68
4444 55
4445 63
4446 66
4447 64
4448 60
4449 53
4450 53
4451 56
4452 61
4453 64
4454 61
4455 61
4456 54
4457 60
4458 62
4459 61
4460 71
4461 63
4462 54
4463 65
4464 77
4465 77
4466 60
4467 56
4468 70
4469 54
4470 62
4471 52
4472 58
4473 52
4474 56
4475 44
4476 59
4477 62
4478 54
4479 53
4480 57
4481 64
4482 62
4483 65
4484 56
4485 69
4486 54
4487 69
4488 70
4489 62
4490 50
4491 66
4492 54
4493 49
4494 49
4495 61
4496 57
4497 64
4498 56
4499 48
4500 66
4501 73
4502 60
4503 63
4504 55
4505 73
4506 54
4507 58
4508 61
4509 64
4510 62
4511 46
4512 63
4513 59
4514 49
4515 71
4516 72
4517 66
4518 59
4519 52
4520 48
4521 69
4522 61
4523 53
4524 52
4525 56
4526 52
4527 70
4528 56
4529 65
4530 66
4531 71
4532 63
4533 64
4534 58
4535 69
4536 55
4537 55
4538 62
4539 52
4540 63
4541 59
4542 57
4543 61
4544 61
4545 59
4546 59
4547 64
4548 62
4549 56
4550 60
4551 57
4552 60
4553 56
4554 60
4555 56
4556 63
4557 63
4558 63
4559 57
4560 61
4561 62
4562 65
4563 56
4564 47
4565 54
4566 60
4567 65
4568 61
4569 63
4570 66
4571 52
4572 58
4573 60
4574 68
4575 57
4576 59
4577 56
4578 70
4579 57
4580 68
4581 69
4582 62
4583 51
4584 51
4585 64
4586 61
4587 62
4588 56
4589 72
4590 67
4591 64
4592 69
4593 62
4594 58
4595 54
4596 65
4597 64
4598 56
4599 58
4600 55
4601 56
4602 55
4603 58
4604 59
4605 60
4606 69
4607 63
4608 58
4609 55
4610 56
4611 54
4612 57
4613 51
4614 65
4615 59
4616 50
4617 60
4618 57
4619 64
4620 39
4621 59
4622 50
4623 59
4624 59
4625 58
4626 54
4627 52
4628 52
4629 61
4630 55
4631 61
4632 57
4633 65
4634 59
4635 53
4636 57
4637 55
4638 49
4639 63
4640 56
4641 55
4642 58
4643 58
4644 62
4645 65
4646 51
4647 57
4648 66
4649 49
4650 63
4651 57
4652 64
4653 53
4654 63
4655 57
4656 53
4657 51
4658 54
4659 47
4660 68
4661 59
4662 61
4663 56
4664 71
4665 56
4666 71
4667 62
4668 60
4669 64
4670 55
4671 69
4672 62
4673 57
4674 65
4675 58
4676 66
4677 65
4678 60
4679 72
4680 61
4681 52
4682 61
4683 55
4684 70
4685 67
4686 62
4687 49
4688 58
4689 63
4690 63
4691 48
4692 64
4693 68
4694 51
4695 48
4696 63
4697 56
4698 52
4699 61
4700 68
4701 65
4702 54
4703 59
4704 54
4705 59
4706 56
4707 54
4708 52
4709 50
4710 70
4711 66
4712 65
4713 56
4714 49
4715 68
4716 57
4717 60
4718 55
4719 65
4720 51
4721 63
4722 68
4723 56
4724 68
4725 52
4726 59
4727 55
4728 60
4729 65
4730 51
4731 60
4732 54
4733 59
4734 61
4735 55
4736 61
4737 71
4738 60
4739 63
4740 66
4741 61
4742 56
4743 64
4744 59
4745 62
4746 64
4747 59
4748 57
4749 67
4750 61
4751 58
4752 69
4753 54
4754 69
4755 60
4756 70
4757 51
4758 52
4759 56
4760 53
4761 63
4762 55
4763 62
4764 51
4765 56
4766 62
4767 67
4768 64
4769 67
4770 77
4771 75
4772 49
4773 74
4774 57
4775 64
4776 61
4777 60
4778 57
4779 58
4780 67
4781 58
4782 57
4783 46
4784 58
4785 50
4786 53
4787 45
4788 65
4789 57
4790 61
4791 55
4792 55
4793 57
4794 61
4795 53
4796 63
4797 47
4798 58
4799 62
4800 46
4801 104
