0 53
1 59
2 66
3 53
4 68
5 56
6 54
7 61
8 61
9 50
10 56
11 54
12 45
13 52
14 44
15 53
16 59
17 60
18 60
19 58
20 60
21 51
22 57
23 60
24 56
25 50
26 51
27 44
28 53
29 72
30 58
31 49
32 50
33 60
34 54
35 53
36 59
37 41
38 54
39 46
40 61
41 55
42 61
43 50
44 54
45 56
46 51
47 48
48 48
49 56
50 63
51 63
52 58
53 67
54 57
55 62
56 62
57 54
58 55
59 59
60 48
61 52
62 48
63 49
64 52
65 55
66 61
67 58
68 58
69 60
70 61
71 47
72 54
73 60
74 53
75 54
76 50
77 54
78 47
79 52
80 49
81 62
82 62
83 61
84 61
85 46
86 72
87 54
88 56
89 58
90 61
91 56
92 55
93 66
94 62
95 57
96 56
97 49
98 56
99 45
100 49
101 56
102 55
103 59
104 64
105 49
106 50
107 65
108 62
109 60
110 70
111 43
112 54
113 41
114 53
115 60
116 53
117 61
118 56
119 62
120 54
121 53
122 43
123 48
124 56
125 49
126 59
127 57
128 57
129 54
130 50
131 53
132 61
133 53
134 62
135 65
136 58
137 54
138 54
139 72
140 44
141 59
142 42
143 57
144 53
145 52
146 63
147 56
148 52
149 67
150 62
151 54
152 58
153 45
154 59
155 50
156 42
157 52
158 57
159 58
160 53
161 50
162 52
163 66
164 58
165 59
166 61
167 38
168 57
169 56
170 53
171 57
172 55
173 67
174 53
175 56
176 53
177 48
178 51
179 52
180 53
181 58
182 54
183 56
184 61
185 52
186 55
187 53
188 66
189 54
190 42
191 56
192 51
193 63
194 60
195 47
196 59
197 62
198 62
199 38
200 46
201 49
202 63
203 54
204 58
205 39
206 57
207 53
208 65
209 56
210 52
211 60
212 49
213 52
214 46
215 52
216 55
217 55
218 48
219 52
220 52
221 46
222 59
223 71
224 36
225 60
226 47
227 59
228 59
229 53
230 60
231 65
232 61
233 56
234 59
235 56
236 58
237 55
238 59
239 51
240 55
241 48
242 57
243 44
244 53
245 60
246 53
247 57
248 55
249 58
250 55
251 51
252 58
253 61
254 60
255 64
256 60
257 54
258 58
259 57
260 62
261 45
262 45
263 62
264 55
265 59
266 58
267 62
268 60
269 63
270 58
271 54
272 61
273 47
274 55
275 59
276 59
277 59
278 56
279 53
280 44
281 72
282 62
283 53
284 49
285 73
286 57
287 48
288 59
289 56
290 61
291 46
292 43
293 55
294 55
295 53
296 66
297 55
298 68
299 60
300 58
301 63
302 62
303 62
304 67
305 64
306 59
307 50
308 50
309 62
310 57
311 65
312 53
313 60
314 66
315 57
316 52
317 57
318 57
319 54
320 57
321 53
322 53
323 56
324 64
325 56
326 50
327 55
328 51
329 49
330 60
331 58
332 53
333 53
334 61
335 66
336 64
337 51
338 57
339 52
340 58
341 63
342 54
343 68
344 51
345 66
346 66
347 54
348 53
349 62
350 60
351 52
352 53
353 79
354 61
355 57
356 67
357 57
358 65
359 50
360 64
361 61
362 52
363 49
364 54
365 52
366 55
367 52
368 57
369 55
370 64
371 61
372 54
373 55
374 50
375 71
376 51
377 49
378 38
379 60
380 57
381 62
382 64
383 56
384 59
385 55
386 56
387 63
388 46
389 51
390 62
391 52
392 41
393 54
394 57
395 56
396 54
397 54
398 55
399 61
400 50
401 49
402 48
403 68
404 55
405 44
406 63
407 48
408 67
409 51
410 53
411 55
412 59
413 59
414 63
415 46
416 57
417 50
418 70
419 62
420 55
421 51
422 61
423 56
424 56
425 52
426 62
427 58
428 55
429 48
430 52
431 61
432 58
433 53
434 57
435 57
436 70
437 57
438 50
439 57
440 57
441 62
442 61
443 61
444 63
445 64
446 60
447 60
448 64
449 58
450 56
451 51
452 66
453 56
454 61
455 58
456 56
457 64
458 43
459 56
460 55
461 53
462 50
463 58
464 51
465 64
466 58
467 51
468 52
469 55
470 59
471 60
472 66
473 59
474 55
475 56
476 54
477 65
478 47
479 50
480 71
481 57
482 61
483 55
484 54
485 51
486 55
487 47
488 42
489 53
490 58
491 62
492 57
493 41
494 61
495 53
496 55
497 52
498 57
499 42
500 45
501 51
502 60
503 56
504 52
505 57
506 64
507 48
508 57
509 64
510 60
511 58
512 55
513 66
514 57
515 56
516 57
517 66
518 61
519 52
520 60
521 62
522 48
523 55
524 54
525 58
526 50
527 65
528 51
529 51
530 59
531 53
532 52
533 61
534 53
535 65
536 54
537 61
538 51
539 55
540 63
541 68
542 49
543 57
544 52
545 65
546 62
547 46
548 56
549 56
550 50
551 51
552 56
553 50
554 57
555 57
556 50
557 60
558 64
559 59
560 49
561 63
562 59
563 66
564 60
565 53
566 56
567 56
568 56
569 63
570 55
571 60
572 66
573 62
574 62
575 58
576 67
577 59
578 65
579 57
580 55
581 65
582 49
583 49
584 63
585 66
586 57
587 59
588 63
589 60
590 64
591 57
592 57
593 51
594 60
595 67
596 68
597 55
598 58
599 68
600 60
601 58
602 57
603 48
604 60
605 64
606 64
607 53
608 60
609 56
610 56
611 54
612 64
613 67
614 58
615 72
616 66
617 57
618 47
619 59
620 67
621 62
622 60
623 66
624 60
625 45
626 54
627 59
628 55
629 55
630 59
631 49
632 61
633 50
634 58
635 52
636 49
637 54
638 50
639 57
640 53
641 60
642 56
643 54
644 59
645 68
646 49
647 58
648 58
649 59
650 56
651 56
652 67
653 54
654 48
655 61
656 52
657 46
658 48
659 63
660 59
661 65
662 58
663 51
664 64
665 54
666 50
667 50
668 64
669 57
670 57
671 63
672 57
673 59
674 52
675 55
676 52
677 57
678 60
679 63
680 52
681 51
682 53
683 68
684 57
685 58
686 46
687 56
688 51
689 52
690 61
691 48
692 45
693 56
694 54
695 55
696 50
697 57
698 49
699 55
700 57
701 54
702 53
703 49
704 43
705 47
706 50
707 61
708 44
709 51
710 66
711 59
712 68
713 54
714 62
715 63
716 57
717 61
718 51
719 61
720 56
721 60
722 59
723 56
724 67
725 60
726 60
727 54
728 52
729 50
730 52
731 61
732 65
733 55
734 49
735 57
736 60
737 51
738 65
739 50
740 60
741 61
742 50
743 62
744 56
745 53
746 48
747 47
748 65
749 66
750 49
751 45
752 63
753 57
754 55
755 58
756 59
757 51
758 53
759 65
760 58
761 47
762 58
763 53
764 56
765 68
766 46
767 55
768 56
769 58
770 60
771 66
772 58
773 45
774 52
775 50
776 51
777 62
778 52
779 53
780 51
781 50
782 55
783 60
784 47
785 45
786 50
787 61
788 53
789 54
790 49
791 58
792 50
793 51
794 54
795 57
796 53
797 57
798 56
799 51
800 57
801 57
802 48
803 54
804 52
805 58
806 54
807 55
808 50
809 63
810 46
811 56
812 58
813 53
814 47
815 51
816 53
817 51
818 59
819 48
820 46
821 52
822 56
823 62
824 63
825 63
826 53
827 51
828 51
829 52
830 56
831 63
832 57
833 59
834 59
835 57
836 46
837 66
838 54
839 57
840 50
841 48
842 57
843 57
844 46
845 66
846 68
847 52
848 52
849 59
850 51
851 45
852 60
853 60
854 45
855 67
856 55
857 63
858 54
859 39
860 51
861 59
862 54
863 63
864 59
865 61
866 56
867 48
868 68
869 58
870 59
871 65
872 52
873 60
874 54
875 57
876 46
877 46
878 54
879 54
880 58
881 45
882 52
883 49
884 45
885 66
886 58
887 61
888 49
889 52
890 54
891 64
892 54
893 63
894 56
895 57
896 63
897 47
898 63
899 55
900 65
901 48
902 70
903 53
904 51
905 56
906 48
907 54
908 59
909 53
910 72
911 55
912 53
913 55
914 53
915 58
916 58
917 50
918 57
919 63
920 56
921 58
922 51
923 53
924 57
925 47
926 55
927 62
928 44
929 53
930 49
931 51
932 51
933 53
934 62
935 65
936 55
937 61
938 55
939 58
940 60
941 58
942 54
943 61
944 54
945 64
946 46
947 71
948 57
949 53
950 62
951 51
952 51
953 54
954 61
955 53
956 53
957 55
958 59
959 60
960 54
961 54
962 63
963 51
964 65
965 57
966 58
967 59
968 65
969 56
970 61
971 58
972 53
973 59
974 55
975 52
976 66
977 50
978 54
979 52
980 55
981 59
982 60
983 58
984 54
985 55
986 55
987 61
988 50
989 58
990 57
991 47
992 54
993 51
994 68
995 49
996 59
997 57
998 47
999 58
1000 61
1001 45
1002 52
1003 51
1004 46
1005 65
1006 54
1007 55
1008 53
1009 55
1010 52
1011 56
1012 57
1013 46
1014 61
1015 62
1016 53
1017 56
1018 57
1019 58
1020 60
1021 52
1022 55
1023 51
1024 51
1025 58
1026 50
1027 57
1028 57
1029 47
1030 59
1031 56
1032 62
1033 58
1034 64
1035 54
1036 62
1037 52
1038 60
1039 51
1040 58
1041 54
1042 54
1043 51
1044 49
1045 53
1046 51
1047 63
1048 69
1049 59
1050 53
1051 55
1052 59
1053 52
1054 51
1055 61
1056 47
1057 56
1058 56
1059 55
1060 51
1061 67
1062 56
1063 49
1064 58
1065 61
1066 54
1067 57
1068 44
1069 68
1070 64
1071 59
1072 53
1073 49
1074 51
1075 65
1076 61
1077 54
1078 62
1079 67
1080 56
1081 58
1082 60
1083 53
1084 63
1085 65
1086 64
1087 56
1088 64
1089 51
1090 61
1091 51
1092 38
1093 54
1094 67
1095 55
1096 52
1097 61
1098 50
1099 57
1100 48
1101 52
1102 53
1103 46
1104 57
1105 50
1106 53
1107 50
1108 67
1109 59
1110 47
1111 60
1112 64
1113 65
1114 48
1115 61
1116 59
1117 55
1118 50
1119 51
1120 60
1121 50
1122 59
1123 55
1124 56
1125 55
1126 58
1127 57
1128 62
1129 54
1130 51
1131 57
1132 55
1133 55
1134 53
1135 60
1136 58
1137 65
1138 53
1139 63
1140 54
1141 57
1142 62
1143 70
1144 62
1145 57
1146 51
1147 52
1148 64
1149 54
1150 62
1151 63
1152 53
1153 65
1154 52
1155 68
1156 59
1157 66
1158 52
1159 52
1160 59
1161 62
1162 64
1163 51
1164 67
1165 54
1166 56
1167 66
1168 55
1169 60
1170 64
1171 59
1172 63
1173 56
1174 65
1175 42
1176 47
1177 50
1178 65
1179 56
1180 61
1181 52
1182 61
1183 62
1184 56
1185 45
1186 54
1187 55
1188 55
1189 62
1190 52
1191 54
1192 58
1193 61
1194 56
1195 52
1196 56
1197 61
1198 59
1199 55
1200 61
1201 56
1202 62
1203 51
1204 63
1205 45
1206 58
1207 59
1208 49
1209 53
1210 61
1211 47
1212 44
1213 54
1214 58
1215 46
1216 59
1217 60
1218 44
1219 54
1220 58
1221 51
1222 60
1223 61
1224 62
1225 56
1226 50
1227 55
1228 53
1229 56
1230 53
1231 53
1232 56
1233 49
1234 47
1235 61
1236 54
1237 61
1238 61
1239 51
1240 63
1241 56
1242 62
1243 51
1244 58
1245 47
1246 66
1247 59
1248 62
1249 49
1250 58
1251 56
1252 63
1253 63
1254 55
1255 54
1256 63
1257 55
1258 49
1259 57
1260 57
1261 52
1262 65
1263 51
1264 53
1265 50
1266 58
1267 59
1268 48
1269 63
1270 53
1271 55
1272 66
1273 51
1274 59
1275 48
1276 59
1277 48
1278 54
1279 57
1280 63
1281 71
1282 56
1283 61
1284 58
1285 54
1286 59
1287 49
1288 50
1289 52
1290 54
1291 47
1292 64
1293 54
1294 55
1295 57
1296 53
1297 54
1298 55
1299 50
1300 60
1301 48
1302 48
1303 51
1304 57
1305 51
1306 63
1307 46
1308 54
1309 39
1310 60
1311 52
1312 67
1313 56
1314 59
1315 51
1316 55
1317 53
1318 60
1319 57
1320 54
1321 55
1322 54
1323 48
1324 48
1325 54
1326 49
1327 54
1328 55
1329 60
1330 60
1331 51
1332 62
1333 55
1334 51
1335 55
1336 55
1337 63
1338 57
1339 52
1340 62
1341 53
1342 53
1343 52
1344 59
1345 66
1346 58
1347 76
1348 58
1349 59
1350 63
1351 54
1352 59
1353 64
1354 56
1355 58
1356 60
1357 69
1358 49
1359 49
1360 54
1361 64
1362 61
1363 52
1364 65
1365 56
1366 59
1367 44
1368 60
1369 47
1370 60
1371 58
1372 50
1373 56
1374 50
1375 54
1376 46
1377 61
1378 64
1379 58
1380 59
1381 64
1382 46
1383 55
1384 58
1385 62
1386 58
1387 48
1388 45
1389 50
1390 57
1391 55
1392 54
1393 53
1394 58
1395 59
1396 54
1397 53
1398 64
1399 49
1400 60
1401 66
1402 44
1403 57
1404 48
1405 48
1406 56
1407 62
1408 48
1409 56
1410 63
1411 45
1412 56
1413 53
1414 55
1415 63
1416 54
1417 52
1418 52
1419 54
1420 57
1421 52
1422 62
1423 54
1424 51
1425 55
1426 59
1427 65
1428 49
1429 52
1430 52
1431 58
1432 57
1433 52
1434 60
1435 61
1436 53
1437 57
1438 59
1439 54
1440 46
1441 62
1442 63
1443 62
1444 59
1445 52
1446 52
1447 50
1448 57
1449 52
1450 66
1451 57
1452 60
1453 57
1454 50
1455 46
1456 60
1457 47
1458 51
1459 54
1460 54
1461 51
1462 50
1463 47
1464 59
1465 39
1466 55
1467 55
1468 55
1469 59
1470 64
1471 60
1472 53
1473 59
1474 56
1475 53
1476 52
1477 64
1478 54
1479 59
1480 51
1481 58
1482 52
1483 54
1484 61
1485 53
1486 61
1487 58
1488 65
1489 56
1490 47
1491 57
1492 43
1493 46
1494 57
1495 55
1496 56
1497 60
1498 59
1499 59
1500 51
1501 63
1502 51
1503 61
1504 68
1505 54
1506 53
1507 57
1508 65
1509 48
1510 61
1511 64
1512 49
1513 55
1514 61
1515 57
1516 61
1517 51
1518 61
1519 49
1520 62
1521 60
1522 51
1523 60
1524 49
1525 54
1526 42
1527 52
1528 57
1529 62
1530 55
1531 49
1532 52
1533 74
1534 54
1535 63
1536 61
1537 59
1538 56
1539 53
1540 58
1541 57
1542 60
1543 60
1544 61
1545 53
1546 66
1547 58
1548 47
1549 61
1550 53
1551 45
1552 50
1553 52
1554 51
1555 49
1556 60
1557 58
1558 63
1559 60
1560 50
1561 55
1562 58
1563 56
1564 51
1565 57
1566 60
1567 58
1568 63
1569 47
1570 57
1571 51
1572 57
1573 59
1574 53
1575 61
1576 59
1577 50
1578 59
1579 64
1580 53
1581 50
1582 56
1583 70
1584 66
1585 59
1586 57
1587 57
1588 64
1589 58
1590 60
1591 50
1592 60
1593 60
1594 59
1595 66
1596 62
1597 57
1598 48
1599 53
1600 57
1601 58
1602 54
1603 62
1604 56
1605 55
1606 64
1607 50
1608 54
1609 59
1610 63
1611 52
1612 48
1613 51
1614 56
1615 60
1616 58
1617 55
1618 53
1619 52
1620 63
1621 56
1622 52
1623 54
1624 60
1625 56
1626 51
1627 55
1628 61
1629 52
1630 54
1631 41
1632 49
1633 60
1634 57
1635 58
1636 48
1637 57
1638 50
1639 53
1640 63
1641 66
1642 57
1643 60
1644 47
1645 51
1646 67
1647 54
1648 52
1649 47
1650 60
1651 58
1652 46
1653 59
1654 66
1655 63
1656 64
1657 56
1658 60
1659 70
1660 59
1661 51
1662 52
1663 56
1664 52
1665 42
1666 59
1667 57
1668 56
1669 55
1670 60
1671 48
1672 45
1673 52
1674 54
1675 46
1676 55
1677 59
1678 48
1679 61
1680 51
1681 49
1682 49
1683 56
1684 51
1685 50
1686 64
1687 50
1688 55
1689 45
1690 56
1691 55
1692 60
1693 62
1694 56
1695 53
1696 61
1697 54
1698 69
1699 53
1700 48
1701 60
1702 54
1703 56
1704 54
1705 52
1706 55
1707 54
1708 49
1709 60
1710 57
1711 58
1712 57
1713 56
1714 56
1715 59
1716 60
1717 58
1718 69
1719 58
1720 62
1721 64
1722 52
1723 49
1724 57
1725 62
1726 53
1727 62
1728 57
1729 52
1730 52
1731 58
1732 61
1733 62
1734 62
1735 53
1736 55
1737 55
1738 62
1739 48
1740 55
1741 56
1742 57
1743 56
1744 57
1745 63
1746 54
1747 49
1748 47
1749 60
1750 56
1751 54
1752 56
1753 53
1754 62
1755 49
1756 55
1757 59
1758 64
1759 60
1760 59
1761 48
1762 57
1763 49
1764 51
1765 59
1766 53
1767 47
1768 56
1769 54
1770 43
1771 60
1772 63
1773 54
1774 53
1775 53
1776 60
1777 54
1778 51
1779 63
1780 65
1781 52
1782 66
1783 49
1784 66
1785 62
1786 59
1787 57
1788 51
1789 57
1790 50
1791 52
1792 47
1793 50
1794 54
1795 64
1796 67
1797 48
1798 72
1799 55
1800 60
1801 57
1802 49
1803 58
1804 60
1805 56
1806 57
1807 57
1808 52
1809 61
1810 52
1811 61
1812 62
1813 39
1814 43
1815 52
1816 57
1817 58
1818 63
1819 56
1820 52
1821 55
1822 70
1823 63
1824 59
1825 70
1826 57
1827 58
1828 65
1829 56
1830 47
1831 55
1832 58
1833 61
1834 64
1835 52
1836 49
1837 60
1838 55
1839 56
1840 49
1841 63
1842 52
1843 48
1844 63
1845 50
1846 60
1847 55
1848 53
1849 48
1850 50
1851 56
1852 53
1853 49
1854 43
1855 63
1856 51
1857 52
1858 56
1859 71
1860 50
1861 56
1862 49
1863 49
1864 49
1865 60
1866 50
1867 51
1868 60
1869 51
1870 54
1871 64
1872 56
1873 54
1874 54
1875 60
1876 52
1877 57
1878 60
1879 56
1880 53
1881 64
1882 52
1883 48
1884 57
1885 65
1886 55
1887 55
1888 53
1889 61
1890 65
1891 54
1892 54
1893 62
1894 67
1895 54
1896 60
1897 56
1898 55
1899 50
1900 56
1901 45
1902 56
1903 55
1904 51
1905 50
1906 65
1907 56
1908 45
1909 51
1910 58
1911 40
1912 48
1913 51
1914 53
1915 55
1916 49
1917 60
1918 52
1919 58
1920 62
1921 55
1922 53
1923 54
1924 58
1925 57
1926 65
1927 50
1928 58
1929 53
1930 47
1931 59
1932 56
1933 57
1934 59
1935 62
1936 52
1937 52
1938 54
1939 57
1940 54
1941 51
1942 62
1943 52
1944 52
1945 54
1946 63
1947 55
1948 50
1949 57
1950 55
1951 59
1952 55
1953 49
1954 43
1955 50
1956 67
1957 62
1958 54
1959 62
1960 57
1961 59
1962 52
1963 61
1964 55
1965 67
1966 66
1967 58
1968 50
1969 59
1970 60
1971 47
1972 45
1973 45
1974 56
1975 54
1976 57
1977 55
1978 50
1979 45
1980 61
1981 46
1982 57
1983 56
1984 45
1985 50
1986 56
1987 54
1988 55
1989 58
1990 59
1991 59
1992 58
1993 54
1994 65
1995 56
1996 55
1997 46
1998 61
1999 62
2000 40
2001 47
2002 49
2003 42
2004 47
2005 49
2006 59
2007 54
2008 53
2009 48
2010 47
2011 66
2012 59
2013 54
2014 63
2015 58
2016 57
2017 66
2018 64
2019 49
2020 58
2021 42
2022 51
2023 55
2024 58
2025 46
2026 56
2027 59
2028 54
2029 61
2030 57
2031 51
2032 60
2033 56
2034 56
2035 44
2036 62
2037 52
2038 52
2039 47
2040 58
2041 52
2042 63
2043 57
2044 59
2045 60
2046 58
2047 54
2048 54
2049 51
2050 46
2051 57
2052 52
2053 57
2054 51
2055 59
2056 51
2057 48
2058 56
2059 58
2060 51
2061 59
2062 52
2063 48
2064 47
2065 59
2066 62
2067 57
2068 44
2069 62
2070 51
2071 55
2072 57
2073 51
2074 52
2075 53
2076 57
2077 56
2078 60
2079 48
2080 53
2081 46
2082 57
2083 57
2084 56
2085 49
2086 54
2087 54
2088 54
2089 45
2090 43
2091 52
2092 44
2093 58
2094 48
2095 60
2096 61
2097 49
2098 68
2099 51
2100 60
2101 61
2102 50
2103 57
2104 49
2105 53
2106 54
2107 51
2108 55
2109 57
2110 47
2111 56
2112 50
2113 62
2114 54
2115 61
2116 49
2117 63
2118 55
2119 45
2120 46
2121 47
2122 62
2123 49
2124 56
2125 52
2126 61
2127 58
2128 53
2129 62
2130 39
2131 60
2132 57
2133 61
2134 53
2135 56
2136 56
2137 49
2138 67
2139 59
2140 63
2141 61
2142 59
2143 56
2144 71
2145 52
2146 58
2147 70
2148 64
2149 62
2150 61
2151 50
2152 60
2153 66
2154 57
2155 55
2156 48
2157 54
2158 53
2159 59
2160 64
2161 43
2162 56
2163 53
2164 61
2165 57
2166 60
2167 59
2168 59
2169 52
2170 62
2171 50
2172 56
2173 52
2174 56
2175 56
2176 63
2177 64
2178 50
2179 54
2180 52
2181 49
2182 54
2183 45
2184 56
2185 57
2186 51
2187 61
2188 49
2189 63
2190 54
2191 50
2192 50
2193 47
2194 54
2195 61
2196 50
2197 65
2198 53
2199 55
2200 52
2201 59
2202 61
2203 56
2204 68
2205 54
2206 48
2207 46
2208 47
2209 55
2210 47
2211 61
2212 61
2213 56
2214 58
2215 60
2216 54
2217 57
2218 63
2219 57
2220 44
2221 55
2222 66
2223 63
2224 71
2225 53
2226 61
2227 52
2228 57
2229 66
2230 54
2231 54
2232 61
2233 50
2234 59
2235 52
2236 50
2237 56
2238 57
2239 46
2240 58
2241 61
2242 48
2243 52
2244 52
2245 45
2246 47
2247 56
2248 65
2249 68
2250 60
2251 55
2252 48
2253 61
2254 60
2255 61
2256 48
2257 43
2258 57
2259 60
2260 60
2261 39
2262 62
2263 64
2264 55
2265 62
2266 52
2267 57
2268 53
2269 63
2270 53
2271 61
2272 56
2273 56
2274 58
2275 52
2276 59
2277 56
2278 64
2279 54
2280 51
2281 57
2282 58
2283 49
2284 49
2285 49
2286 45
2287 55
2288 50
2289 58
2290 55
2291 58
2292 60
2293 50
2294 51
2295 49
2296 56
2297 63
2298 43
2299 50
2300 59
2301 64
2302 51
2303 64
2304 49
2305 52
2306 59
2307 59
2308 58
2309 56
2310 61
2311 57
2312 50
2313 58
2314 54
2315 50
2316 59
2317 63
2318 60
2319 40
2320 62
2321 48
2322 54
2323 53
2324 51
2325 60
2326 56
2327 50
2328 50
2329 56
2330 52
2331 47
2332 59
2333 57
2334 61
2335 70
2336 48
2337 59
2338 46
2339 53
2340 56
2341 55
2342 54
2343 66
2344 44
2345 55
2346 57
2347 60
2348 47
2349 56
2350 52
2351 59
2352 53
2353 63
2354 54
2355 44
2356 51
2357 50
2358 52
2359 52
2360 69
2361 57
2362 51
2363 53
2364 55
2365 57
2366 64
2367 63
2368 71
2369 58
2370 46
2371 52
2372 61
2373 51
2374 54
2375 54
2376 57
2377 58
2378 58
2379 51
2380 56
2381 49
2382 67
2383 58
2384 52
2385 61
2386 65
2387 52
2388 57
2389 63
2390 58
2391 53
2392 61
2393 53
2394 55
2395 45
2396 51
2397 62
2398 64
2399 45
2400 63
2401 52
2402 54
2403 62
2404 57
2405 62
2406 62
2407 61
2408 59
2409 59
2410 49
2411 56
2412 51
2413 62
2414 57
2415 55
2416 54
2417 45
2418 59
2419 56
2420 52
2421 58
2422 59
2423 70
2424 53
2425 48
2426 56
2427 51
2428 55
2429 48
2430 55
2431 50
2432 56
2433 52
2434 60
2435 53
2436 52
2437 68
2438 61
2439 59
2440 50
2441 56
2442 57
2443 63
2444 54
2445 56
2446 54
2447 56
2448 49
2449 48
2450 56
2451 53
2452 51
2453 51
2454 60
2455 48
2456 55
2457 50
2458 50
2459 65
2460 57
2461 67
2462 50
2463 45
2464 63
2465 64
2466 57
2467 61
2468 61
2469 61
2470 54
2471 62
2472 55
2473 55
2474 61
2475 55
2476 55
2477 61
2478 54
2479 66
2480 55
2481 55
2482 64
2483 56
2484 44
2485 50
2486 58
2487 59
2488 56
2489 47
2490 49
2491 50
2492 66
2493 64
2494 57
2495 57
2496 55
2497 55
2498 51
2499 44
2500 47
2501 57
2502 51
2503 64
2504 53
2505 52
2506 54
2507 50
2508 62
2509 69
2510 60
2511 68
2512 61
2513 54
2514 57
2515 60
2516 49
2517 56
2518 66
2519 44
2520 64
2521 46
2522 63
2523 59
2524 51
2525 48
2526 49
2527 42
2528 59
2529 62
2530 64
2531 52
2532 54
2533 53
2534 53
2535 64
2536 56
2537 62
2538 51
2539 50
2540 59
2541 66
2542 63
2543 58
2544 59
2545 69
2546 54
2547 55
2548 45
2549 68
2550 63
2551 63
2552 51
2553 55
2554 52
2555 52
2556 52
2557 54
2558 49
2559 50
2560 57
2561 51
2562 56
2563 57
2564 59
2565 63
2566 67
2567 42
2568 49
2569 52
2570 62
2571 57
2572 62
2573 54
2574 47
2575 50
2576 67
2577 49
2578 48
2579 52
2580 52
2581 54
2582 53
2583 57
2584 59
2585 50
2586 57
2587 48
2588 47
2589 49
2590 49
2591 55
2592 54
2593 53
2594 63
2595 47
2596 61
2597 59
2598 60
2599 51
2600 52
2601 56
2602 55
2603 48
2604 56
2605 66
2606 61
2607 67
2608 51
2609 59
2610 47
2611 59
2612 54
2613 51
2614 45
2615 51
2616 52
2617 49
2618 52
2619 56
2620 63
2621 50
2622 43
2623 51
2624 61
2625 46
2626 46
2627 60
2628 46
2629 65
2630 62
2631 50
2632 62
2633 58
2634 59
2635 58
2636 61
2637 48
2638 59
2639 54
2640 55
2641 55
2642 55
2643 50
2644 48
2645 63
2646 59
2647 57
2648 44
2649 61
2650 61
2651 57
2652 53
2653 62
2654 54
2655 66
2656 57
2657 66
2658 49
2659 53
2660 55
2661 62
2662 52
2663 59
2664 55
2665 53
2666 64
2667 49
2668 61
2669 45
2670 50
2671 52
2672 63
2673 51
2674 59
2675 61
2676 52
2677 64
2678 59
2679 58
2680 51
2681 57
2682 54
2683 58
2684 57
2685 51
2686 61
2687 59
2688 66
2689 59
2690 51
2691 64
2692 51
2693 53
2694 53
2695 60
2696 58
2697 52
2698 61
2699 54
2700 45
2701 53
2702 49
2703 55
2704 51
2705 52
2706 70
2707 54
2708 38
2709 51
2710 52
2711 52
2712 54
2713 53
2714 63
2715 55
2716 53
2717 66
2718 59
2719 64
2720 70
2721 53
2722 58
2723 56
2724 55
2725 55
2726 50
2727 53
2728 57
2729 62
2730 69
2731 66
2732 51
2733 58
2734 55
2735 60
2736 51
2737 57
2738 51
2739 52
2740 59
2741 65
2742 57
2743 52
2744 57
2745 56
2746 66
2747 62
2748 50
2749 53
2750 52
2751 56
2752 59
2753 53
2754 55
2755 61
2756 59
2757 46
2758 51
2759 64
2760 54
2761 56
2762 48
2763 50
2764 50
2765 57
2766 46
2767 53
2768 54
2769 60
2770 50
2771 53
2772 57
2773 63
2774 62
2775 53
2776 49
2777 54
2778 60
2779 52
2780 58
2781 52
2782 56
2783 56
2784 49
2785 52
2786 60
2787 61
2788 57
2789 50
2790 57
2791 60
2792 54
2793 50
2794 50
2795 52
2796 58
2797 52
2798 53
2799 63
2800 56
2801 48
2802 61
2803 54
2804 53
2805 46
2806 50
2807 61
2808 56
2809 61
2810 49
2811 55
2812 58
2813 49
2814 66
2815 62
2816 54
2817 50
2818 50
2819 52
2820 50
2821 59
2822 66
2823 52
2824 52
2825 60
2826 60
2827 54
2828 56
2829 60
2830 45
2831 63
2832 47
2833 64
2834 61
2835 68
2836 53
2837 64
2838 56
2839 59
2840 53
2841 58
2842 62
2843 51
2844 50
2845 58
2846 64
2847 60
2848 53
2849 66
2850 65
2851 58
2852 49
2853 60
2854 60
2855 63
2856 52
2857 59
2858 57
2859 48
2860 57
2861 66
2862 53
2863 59
2864 61
2865 57
2866 52
2867 62
2868 55
2869 59
2870 54
2871 52
2872 67
2873 52
2874 61
2875 64
2876 57
2877 49
2878 65
2879 56
2880 53
2881 58
2882 67
2883 55
2884 73
2885 56
2886 63
2887 55
2888 54
2889 60
2890 54
2891 62
2892 63
2893 56
2894 61
2895 57
2896 52
2897 60
2898 54
2899 60
2900 57
2901 59
2902 57
2903 47
2904 54
2905 55
2906 65
2907 52
2908 58
2909 61
2910 51
2911 72
2912 48
2913 58
2914 56
2915 56
2916 60
2917 69
2918 58
2919 57
2920 57
2921 54
2922 52
2923 58
2924 60
2925 58
2926 54
2927 69
2928 59
2929 65
2930 64
2931 50
2932 67
2933 62
2934 46
2935 53
2936 47
2937 64
2938 53
2939 55
2940 63
2941 69
2942 56
2943 60
2944 63
2945 56
2946 65
2947 62
2948 55
2949 65
2950 63
2951 48
2952 50
2953 56
2954 61
2955 56
2956 60
2957 48
2958 53
2959 60
2960 58
2961 63
2962 67
2963 62
2964 54
2965 52
2966 55
2967 62
2968 64
2969 62
2970 57
2971 48
2972 49
2973 61
2974 60
2975 55
2976 65
2977 55
2978 51
2979 59
2980 56
2981 63
2982 62
2983 66
2984 58
2985 59
2986 57
2987 57
2988 67
2989 54
2990 67
2991 64
2992 57
2993 61
2994 64
2995 63
2996 51
2997 64
2998 66
2999 62
3000 71
3001 67
3002 77
3003 55
3004 61
3005 56
3006 58
3007 67
3008 66
3009 57
3010 66
3011 60
3012 62
3013 60
3014 57
3015 51
3016 57
3017 55
3018 62
3019 61
3020 68
3021 64
3022 60
3023 59
3024 63
3025 56
3026 65
3027 57
3028 69
3029 72
3030 68
3031 62
3032 60
3033 62
3034 57
3035 57
3036 61
3037 60
3038 63
3039 50
3040 66
3041 64
3042 64
3043 54
3044 58
3045 58
3046 48
3047 59
3048 56
3049 59
3050 54
3051 59
3052 59
3053 61
3054 49
3055 71
3056 52
3057 63
3058 60
3059 54
3060 55
3061 61
3062 58
3063 52
3064 47
3065 54
3066 54
3067 64
3068 54
3069 55
3070 47
3071 57
3072 48
3073 58
3074 52
3075 62
3076 58
3077 58
3078 54
3079 50
3080 51
3081 57
3082 50
3083 59
3084 59
3085 59
3086 61
3087 68
3088 63
3089 53
3090 66
3091 58
3092 57
3093 72
3094 67
3095 69
3096 68
3097 56
3098 63
3099 61
3100 68
3101 51
3102 64
3103 64
3104 67
3105 60
3106 59
3107 55
3108 64
3109 57
3110 57
3111 68
3112 55
3113 60
3114 57
3115 67
3116 58
3117 61
3118 56
3119 69
3120 58
3121 52
3122 56
3123 59
3124 58
3125 59
3126 71
3127 51
3128 65
3129 59
3130 62
3131 50
3132 67
3133 67
3134 56
3135 58
3136 56
3137 61
3138 60
3139 57
3140 53
3141 52
3142 61
3143 57
3144 61
3145 53
3146 55
3147 56
3148 64
3149 52
3150 60
3151 68
3152 57
3153 57
3154 66
3155 57
3156 50
3157 57
3158 58
3159 66
3160 57
3161 64
3162 58
3163 61
3164 53
3165 59
3166 54
3167 62
3168 55
3169 60
3170 66
3171 56
3172 56
3173 59
3174 47
3175 54
3176 51
3177 56
3178 53
3179 51
3180 57
3181 57
3182 63
3183 66
3184 59
3185 57
3186 60
3187 70
3188 52
3189 57
3190 54
3191 58
3192 53
3193 62
3194 57
3195 61
3196 59
3197 62
3198 53
3199 63
3200 47
3201 57
3202 54
3203 58
3204 62
3205 58
3206 57
3207 57
3208 58
3209 57
3210 63
3211 45
3212 64
3213 58
3214 71
3215 58
3216 49
3217 54
3218 59
3219 53
3220 49
3221 67
3222 60
3223 44
3224 57
3225 60
3226 52
3227 59
3228 48
3229 59
3230 60
3231 60
3232 60
3233 60
3234 63
3235 53
3236 63
3237 47
3238 53
3239 53
3240 58
3241 54
3242 54
3243 49
3244 59
3245 58
3246 44
3247 58
3248 69
3249 65
3250 58
3251 64
3252 64
3253 63
3254 53
3255 60
3256 63
3257 67
3258 60
3259 68
3260 54
3261 61
3262 51
3263 58
3264 60
3265 64
3266 52
3267 53
3268 59
3269 63
3270 59
3271 56
3272 72
3273 53
3274 54
3275 59
3276 59
3277 50
3278 50
3279 57
3280 57
3281 58
3282 49
3283 60
3284 59
3285 60
3286 58
3287 69
3288 64
3289 51
3290 59
3291 65
3292 69
3293 54
3294 59
3295 76
3296 55
3297 65
3298 72
3299 65
3300 67
3301 57
3302 61
3303 63
3304 59
3305 71
3306 45
3307 61
3308 69
3309 59
3310 66
3311 63
3312 50
3313 61
3314 60
3315 48
3316 68
3317 61
3318 60
3319 57
3320 56
3321 68
3322 55
3323 63
3324 63
3325 56
3326 59
3327 62
3328 52
3329 54
3330 52
3331 61
3332 59
3333 49
3334 47
3335 52
3336 55
3337 57
3338 60
3339 59
3340 57
3341 66
3342 59
3343 61
3344 57
3345 66
3346 65
3347 57
3348 57
3349 59
3350 53
3351 62
3352 54
3353 61
3354 58
3355 55
3356 54
3357 67
3358 64
3359 64
3360 62
3361 69
3362 52
3363 56
3364 54
3365 64
3366 61
3367 57
3368 63
3369 57
3370 63
3371 45
3372 45
3373 52
3374 56
3375 54
3376 58
3377 65
3378 55
3379 53
3380 56
3381 68
3382 71
3383 61
3384 61
3385 62
3386 68
3387 65
3388 66
3389 59
3390 57
3391 46
3392 54
3393 55
3394 65
3395 54
3396 54
3397 55
3398 51
3399 51
3400 60
3401 48
3402 55
3403 56
3404 51
3405 61
3406 44
3407 52
3408 54
3409 53
3410 59
3411 63
3412 58
3413 57
3414 64
3415 59
3416 55
3417 54
3418 64
3419 55
3420 61
3421 63
3422 53
3423 53
3424 58
3425 53
3426 60
3427 64
3428 65
3429 54
3430 52
3431 46
3432 57
3433 64
3434 68
3435 41
3436 57
3437 58
3438 57
3439 63
3440 50
3441 48
3442 56
3443 58
3444 61
3445 54
3446 54
3447 56
3448 60
3449 39
3450 50
3451 60
3452 62
3453 58
3454 46
3455 62
3456 56
3457 65
3458 58
3459 65
3460 49
3461 51
3462 54
3463 49
3464 50
3465 65
3466 59
3467 44
3468 55
3469 72
3470 59
3471 64
3472 64
3473 60
3474 53
3475 57
3476 56
3477 67
3478 61
3479 62
3480 53
3481 54
3482 63
3483 55
3484 60
3485 55
3486 67
3487 57
3488 60
3489 59
3490 70
3491 50
3492 57
3493 61
3494 57
3495 59
3496 62
3497 55
3498 58
3499 56
3500 58
3501 70
3502 62
3503 59
3504 58
3505 61
3506 56
3507 58
3508 52
3509 51
3510 45
3511 65
3512 50
3513 56
3514 46
3515 56
3516 51
3517 57
3518 59
3519 52
3520 56
3521 59
3522 61
3523 40
3524 61
3525 60
3526 64
3527 55
3528 68
3529 60
3530 58
3531 44
3532 57
3533 60
3534 57
3535 58
3536 50
3537 57
3538 63
3539 49
3540 67
3541 60
3542 57
3543 57
3544 64
3545 54
3546 59
3547 50
3548 55
3549 50
3550 54
3551 64
3552 59
3553 54
3554 58
3555 50
3556 46
3557 57
3558 60
3559 55
3560 57
3561 46
3562 70
3563 56
3564 58
3565 59
3566 60
3567 57
3568 61
3569 67
3570 52
3571 60
3572 56
3573 50
3574 45
3575 52
3576 56
3577 67
3578 56
3579 59
3580 68
3581 66
3582 62
3583 55
3584 63
3585 57
3586 62
3587 51
3588 58
3589 61
3590 49
3591 65
3592 52
3593 58
3594 55
3595 64
3596 64
3597 52
3598 47
3599 56
3600 54
3601 45
3602 49
3603 49
3604 58
3605 64
3606 65
3607 51
3608 59
3609 60
3610 63
3611 54
3612 60
3613 55
3614 68
3615 65
3616 62
3617 64
3618 63
3619 59
3620 60
3621 59
3622 59
3623 60
3624 56
3625 61
3626 69
3627 59
3628 42
3629 51
3630 51
3631 59
3632 65
3633 42
3634 55
3635 55
3636 51
3637 57
3638 53
3639 59
3640 49
3641 64
3642 60
3643 62
3644 59
3645 55
3646 52
3647 56
3648 62
3649 53
3650 49
3651 58
3652 49
3653 60
3654 63
3655 55
3656 53
3657 56
3658 63
3659 58
3660 55
3661 61
3662 43
3663 59
3664 65
3665 58
3666 60
3667 52
3668 61
3669 58
3670 68
3671 62
3672 50
3673 48
3674 49
3675 49
3676 53
3677 58
3678 53
3679 59
3680 52
3681 60
3682 67
3683 40
3684 54
3685 66
3686 52
3687 48
3688 62
3689 56
3690 48
3691 50
3692 53
3693 46
3694 55
3695 58
3696 56
3697 57
3698 58
3699 49
3700 49
3701 53
3702 63
3703 67
3704 54
3705 62
3706 52
3707 55
3708 65
3709 59
3710 50
3711 50
3712 52
3713 51
3714 53
3715 58
3716 61
3717 54
3718 62
3719 50
3720 58
3721 61
3722 56
3723 48
3724 51
3725 65
3726 51
3727 55
3728 60
3729 50
3730 45
3731 59
3732 63
3733 54
3734 55
3735 56
3736 52
3737 57
3738 51
3739 56
3740 53
3741 59
3742 55
3743 54
3744 58
3745 49
3746 59
3747 58
3748 53
3749 55
3750 46
3751 55
3752 53
3753 52
3754 56
3755 51
3756 54
3757 58
3758 53
3759 55
3760 61
3761 57
3762 52
3763 50
3764 56
3765 41
3766 59
3767 62
3768 52
3769 47
3770 48
3771 41
3772 63
3773 51
3774 58
3775 66
3776 61
3777 63
3778 60
3779 51
3780 45
3781 55
3782 57
3783 55
3784 53
3785 54
3786 49
3787 58
3788 50
3789 59
3790 54
3791 52
3792 56
3793 63
3794 54
3795 58
3796 62
3797 56
3798 50
3799 56
3800 64
3801 51
3802 59
3803 57
3804 59
3805 49
3806 57
3807 60
3808 59
3809 58
3810 71
3811 68
3812 54
3813 53
3814 57
3815 52
3816 63
3817 57
3818 53
3819 71
3820 52
3821 60
3822 53
3823 52
3824 65
3825 67
3826 53
3827 63
3828 50
3829 54
3830 58
3831 59
3832 62
3833 56
3834 61
3835 43
3836 67
3837 61
3838 56
3839 54
3840 49
3841 51
3842 64
3843 57
3844 52
3845 70
3846 58
3847 55
3848 60
3849 67
3850 63
3851 52
3852 49
3853 57
3854 54
3855 62
3856 62
3857 53
3858 69
3859 58
3860 62
3861 59
3862 68
3863 55
3864 64
3865 65
3866 46
3867 68
3868 55
3869 67
3870 54
3871 52
3872 61
3873 70
3874 51
3875 57
3876 48
3877 57
3878 55
3879 48
3880 53
3881 54
3882 57
3883 58
3884 65
3885 65
3886 56
3887 56
3888 53
3889 58
3890 56
3891 52
3892 61
3893 57
3894 54
3895 54
3896 54
3897 57
3898 54
3899 60
3900 50
3901 54
3902 63
3903 48
3904 53
3905 52
3906 53
3907 61
3908 68
3909 52
3910 57
3911 63
3912 59
3913 63
3914 57
3915 49
3916 57
3917 54
3918 74
3919 55
3920 63
3921 51
3922 58
3923 61
3924 63
3925 56
3926 61
3927 58
3928 53
3929 54
3930 46
3931 53
3932 50
3933 48
3934 55
3935 50
3936 54
3937 55
3938 50
3939 60
3940 58
3941 59
3942 59
3943 63
3944 57
3945 54
3946 51
3947 70
3948 58
3949 61
3950 56
3951 64
3952 51
3953 46
3954 58
3955 57
3956 57
3957 53
3958 69
3959 59
3960 62
3961 58
3962 61
3963 56
3964 63
3965 53
3966 66
3967 59
3968 59
3969 57
3970 69
3971 66
3972 60
3973 49
3974 53
3975 62
3976 53
3977 60
3978 60
3979 56
3980 56
3981 63
3982 60
3983 57
3984 63
3985 51
3986 45
3987 62
3988 59
3989 66
3990 53
3991 51
3992 64
3993 66
3994 64
3995 67
3996 66
3997 58
3998 50
3999 50
4000 63
4001 56
4002 55
4003 56
4004 60
4005 65
4006 63
4007 68
4008 50
4009 54
4010 55
4011 58
4012 60
4013 55
4014 62
4015 55
4016 62
4017 51
4018 56
4019 59
4020 53
4021 60
4022 69
4023 55
4024 61
4025 52
4026 58
4027 61
4028 57
4029 57
4030 58
4031 62
4032 65
4033 69
4034 56
4035 60
4036 58
4037 57
4038 58
4039 49
4040 69
4041 58
4042 47
4043 55
4044 56
4045 59
4046 54
4047 62
4048 56
4049 54
4050 57
4051 64
4052 56
4053 64
4054 48
4055 60
4056 48
4057 56
4058 57
4059 57
4060 65
4061 59
4062 53
4063 72
4064 64
4065 61
4066 63
4067 51
4068 55
4069 56
4070 61
4071 60
4072 58
4073 61
4074 67
4075 68
4076 61
4077 56
4078 62
4079 59
4080 63
4081 62
4082 66
4083 58
4084 62
4085 63
4086 66
4087 48
4088 61
4089 56
4090 59
4091 56
4092 56
4093 57
4094 57
4095 58
4096 56
4097 62
4098 52
4099 68
4100 65
4101 57
4102 53
4103 73
4104 61
4105 55
4106 60
4107 65
4108 53
4109 52
4110 63
4111 58
4112 63
4113 62
4114 54
4115 54
4116 45
4117 57
4118 52
4119 62
4120 59
4121 64
4122 64
4123 61
4124 59
4125 62
4126 60
4127 63
4128 66
4129 66
4130 57
4131 55
4132 65
4133 52
4134 56
4135 66
4136 47
4137 64
4138 50
4139 60
4140 52
4141 63
4142 54
4143 57
4144 61
4145 53
4146 53
4147 67
4148 60
4149 58
4150 61
4151 53
4152 56
4153 63
4154 48
4155 58
4156 62
4157 62
4158 57
4159 58
4160 61
4161 62
4162 54
4163 50
4164 52
4165 64
4166 61
4167 67
4168 62
4169 64
4170 55
4171 56
4172 59
4173 49
4174 66
4175 51
4176 54
4177 65
4178 56
4179 62
4180 58
4181 49
4182 61
4183 61
4184 46
4185 68
4186 54
4187 46
4188 65
4189 53
4190 63
4191 62
4192 67
4193 64
4194 74
4195 74
4196 67
4197 52
4198 51
4199 60
4200 65
4201 53
4202 58
4203 62
4204 69
4205 69
4206 63
4207 57
4208 50
4209 62
4210 51
4211 61
4212 59
4213 58
4214 65
4215 53
4216 63
4217 56
4218 59
4219 54
4220 58
4221 61
4222 51
4223 56
4224 67
4225 60
4226 54
4227 61
4228 53
4229 66
4230 56
4231 56
4232 57
4233 73
4234 63
4235 48
4236 60
4237 70
4238 61
4239 55
4240 55
4241 52
4242 48
4243 55
4244 67
4245 58
4246 68
4247 55
4248 60
4249 58
4250 57
4251 60
4252 61
4253 61
4254 57
4255 59
4256 64
4257 67
4258 54
4259 61
4260 59
4261 57
4262 52
4263 59
4264 55
4265 58
4266 66
4267 62
4268 50
4269 62
4270 62
4271 56
4272 59
4273 50
4274 51
4275 58
4276 59
4277 60
4278 57
4279 60
4280 61
4281 57
4282 60
4283 65
4284 67
4285 52
4286 55
4287 66
4288 61
4289 54
4290 51
4291 67
4292 60
4293 71
4294 45
4295 60
4296 47
4297 47
4298 61
4299 72
4300 53
4301 55
4302 55
4303 49
4304 58
4305 54
4306 66
4307 69
4308 52
4309 58
4310 47
4311 48
4312 55
4313 48
4314 58
4315 51
4316 61
4317 63
4318 57
4319 66
4320 55
4321 64
4322 56
4323 62
4324 59
4325 58
4326 45
4327 47
4328 65
4329 65
4330 57
4331 64
4332 57
4333 59
4334 59
4335 66
4336 55
4337 59
4338 56
4339 56
4340 56
4341 58
4342 52
4343 53
4344 52
4345 61
4346 65
4347 63
4348 53
4349 57
4350 57
4351 57
4352 55
4353 63
4354 51
4355 58
4356 59
4357 62
4358 64
4359 60
4360 63
4361 56
4362 55
4363 56
4364 56
4365 62
4366 60
4367 63
4368 58
4369 59
4370 53
4371 47
4372 51
4373 50
4374 60
4375 58
4376 61
4377 56
4378 59
4379 62
4380 54
4381 57
4382 61
4383 75
4384 58
4385 54
4386 59
4387 49
4388 55
4389 55
4390 62
4391 48
4392 53
4393 66
4394 70
4395 48
4396 44
4397 55
4398 56
4399 59
4400 61
4401 55
4402 61
4403 52
4404 57
4405 54
4406 56
4407 60
4408 54
4409 49
4410 56
4411 49
4412 51
4413 55
4414 60
4415 62
4416 49
4417 65
4418 49
4419 62
4420 51
4421 56
4422 46
4423 61
4424 67
4425 51
4426 66
4427 61
4428 65
4429 62
4430 68
4431 52
4432 48
4433 56
4434 63
4435 72
4436 49
4437 51
4438 49
4439 60
4440 44
4441 61
4442 62
4443 54
4444 62
4445 51
4446 54
4447 55
4448 52
4449 45
4450 58
4451 61
4452 52
4453 51
4454 61
4455 57
4456 66
4457 57
4458 57
4459 60
4460 55
4461 61
4462 52
4463 49
4464 53
4465 50
4466 55
4467 59
4468 47
4469 62
4470 53
4471 54
4472 63
4473 52
4474 64
4475 53
4476 59
4477 62
4478 57
4479 62
4480 54
4481 58
4482 56
4483 49
4484 63
4485 54
4486 56
4487 76
4488 61
4489 54
4490 60
4491 55
4492 63
4493 62
4494 46
4495 68
4496 57
4497 59
4498 65
4499 67
4500 55
4501 61
4502 61
4503 49
4504 60
4505 57
4506 64
4507 67
4508 56
4509 63
4510 50
4511 52
4512 41
4513 73
4514 64
4515 57
4516 63
4517 59
4518 62
4519 44
4520 48
4521 51
4522 48
4523 57
4524 52
4525 54
4526 58
4527 50
4528 58
4529 57
4530 59
4531 61
4532 56
4533 58
4534 59
4535 52
4536 63
4537 57
4538 52
4539 59
4540 49
4541 57
4542 63
4543 51
4544 54
4545 63
4546 60
4547 66
4548 58
4549 60
4550 59
4551 57
4552 55
4553 65
4554 53
4555 61
4556 46
4557 53
4558 44
4559 51
4560 62
4561 58
4562 51
4563 59
4564 54
4565 46
4566 49
4567 59
4568 52
4569 57
4570 58
4571 51
4572 55
4573 59
4574 54
4575 56
4576 64
4577 56
4578 56
4579 56
4580 65
4581 60
4582 54
4583 64
4584 60
4585 52
4586 67
4587 64
4588 62
4589 66
4590 64
4591 56
4592 62
4593 49
4594 73
4595 58
4596 51
4597 68
4598 59
4599 59
4600 55
4601 51
4602 63
4603 58
4604 41
4605 53
4606 50
4607 56
4608 55
4609 69
4610 54
4611 57
4612 67
4613 67
4614 70
4615 59
4616 51
4617 56
4618 55
4619 59
4620 57
4621 59
4622 55
4623 60
4624 55
4625 52
4626 52
4627 59
4628 61
4629 65
4630 52
4631 57
4632 59
4633 52
4634 50
4635 50
4636 58
4637 55
4638 53
4639 51
4640 49
4641 59
4642 58
4643 56
4644 56
4645 63
4646 52
4647 49
4648 44
4649 50
4650 57
4651 54
4652 52
4653 65
4654 49
4655 63
4656 66
4657 60
4658 46
4659 62
4660 55
4661 48
4662 61
4663 52
4664 60
4665 47
4666 64
4667 56
4668 61
4669 62
4670 60
4671 55
4672 50
4673 51
4674 55
4675 56
4676 55
4677 53
4678 48
4679 63
4680 57
4681 56
4682 42
4683 48
4684 46
4685 44
4686 61
4687 37
4688 65
4689 66
4690 52
4691 48
4692 56
4693 51
4694 51
4695 58
4696 58
4697 49
4698 50
4699 46
4700 64
4701 62
4702 60
4703 62
4704 58
4705 56
4706 63
4707 57
4708 50
4709 63
4710 55
4711 51
4712 47
4713 56
4714 61
4715 57
4716 50
4717 59
4718 48
4719 55
4720 57
4721 50
4722 57
4723 65
4724 53
4725 63
4726 52
4727 56
4728 53
4729 51
4730 49
4731 58
4732 51
4733 57
4734 53
4735 57
4736 51
4737 49
4738 52
4739 60
4740 67
4741 62
4742 57
4743 56
4744 65
4745 53
4746 60
4747 67
4748 57
4749 54
4750 54
4751 63
4752 61
4753 63
4754 54
4755 70
4756 63
4757 54
4758 57
4759 57
4760 64
4761 55
4762 60
4763 58
4764 50
4765 50
4766 46
4767 59
4768 57
4769 54
4770 57
4771 64
4772 56
4773 61
4774 65
4775 67
4776 50
4777 59
4778 56
4779 56
4780 52
4781 56
4782 60
4783 53
4784 67
4785 49
4786 58
4787 49
4788 48
4789 60
4790 53
4791 50
4792 58
4793 50
4794 57
4795 64
4796 59
4797 55
4798 63
4799 52
4800 58
4801 106
