0 56
1 57
2 53
3 54
4 68
5 57
6 55
7 64
8 51
9 56
10 67
11 67
12 61
13 58
14 68
15 52
16 62
17 73
18 48
19 60
20 57
21 64
22 53
23 57
24 64
25 55
26 62
27 51
28 54
29 56
30 56
31 63
32 43
33 65
34 60
35 47
36 63
37 58
38 59
39 61
40 43
41 69
42 57
43 49
44 50
45 59
46 62
47 50
48 64
49 56
50 59
51 50
52 48
53 58
54 59
55 57
56 65
57 50
58 56
59 55
60 57
61 55
62 66
63 49
64 53
65 56
66 60
67 56
68 52
69 54
70 56
71 53
72 56
73 38
74 42
75 54
76 60
77 56
78 49
79 56
80 65
81 60
82 51
83 60
84 54
85 55
86 56
87 56
88 62
89 68
90 42
91 64
92 59
93 62
94 56
95 70
96 65
97 64
98 50
99 56
100 61
101 48
102 62
103 50
104 55
105 64
106 58
107 54
108 50
109 57
110 65
111 54
112 52
113 61
114 63
115 59
116 42
117 50
118 59
119 45
120 61
121 50
122 54
123 59
124 58
125 46
126 56
127 56
128 51
129 45
130 53
131 54
132 49
133 51
134 60
135 63
136 53
137 55
138 61
139 66
140 63
141 51
142 66
143 58
144 62
145 57
146 54
147 66
148 59
149 53
150 57
151 53
152 50
153 53
154 47
155 64
156 60
157 59
158 58
159 52
160 60
161 62
162 49
163 58
164 54
165 52
166 67
167 48
168 52
169 44
170 57
171 67
172 56
173 62
174 49
175 68
176 68
177 62
178 60
179 61
180 53
181 68
182 55
183 59
184 58
185 56
186 73
187 61
188 65
189 65
190 60
191 54
192 57
193 51
194 68
195 52
196 51
197 61
198 49
199 57
200 47
201 60
202 73
203 51
204 56
205 51
206 51
207 54
208 60
209 57
210 53
211 54
212 57
213 53
214 59
215 61
216 61
217 53
218 64
219 61
220 65
221 58
222 49
223 63
224 59
225 55
226 55
227 57
228 58
229 52
230 49
231 59
232 49
233 49
234 50
235 62
236 57
237 57
238 60
239 65
240 61
241 63
242 47
243 49
244 61
245 62
246 57
247 62
248 66
249 56
250 57
251 53
252 57
253 62
254 55
255 66
256 57
257 56
258 57
259 48
260 55
261 58
262 62
263 66
264 60
265 57
266 55
267 62
268 64
269 53
270 60
271 41
272 58
273 63
274 45
275 59
276 58
277 48
278 50
279 63
280 56
281 62
282 66
283 61
284 57
285 58
286 53
287 61
288 57
289 54
290 62
291 60
292 50
293 61
294 53
295 62
296 46
297 57
298 58
299 56
300 58
301 54
302 59
303 46
304 57
305 51
306 55
307 62
308 51
309 41
310 49
311 45
312 55
313 50
314 48
315 66
316 59
317 56
318 52
319 58
320 53
321 56
322 58
323 63
324 65
325 61
326 63
327 62
328 65
329 59
330 51
331 57
332 63
333 54
334 59
335 53
336 53
337 67
338 63
339 56
340 60
341 63
342 59
343 53
344 58
345 55
346 52
347 60
348 66
349 50
350 56
351 53
352 51
353 58
354 54
355 67
356 58
357 55
358 53
359 59
360 52
361 65
362 53
363 48
364 54
365 49
366 56
367 49
368 56
369 55
370 60
371 58
372 54
373 58
374 46
375 60
376 61
377 60
378 67
379 56
380 54
381 68
382 54
383 53
384 56
385 54
386 67
387 50
388 57
389 64
390 52
391 58
392 61
393 62
394 61
395 62
396 50
397 50
398 51
399 59
400 47
401 55
402 61
403 55
404 56
405 55
406 61
407 54
408 48
409 51
410 64
411 55
412 53
413 59
414 66
415 54
416 50
417 55
418 39
419 48
420 48
421 58
422 54
423 56
424 59
425 56
426 46
427 55
428 51
429 48
430 56
431 55
432 60
433 57
434 57
435 65
436 58
437 60
438 49
439 50
440 62
441 55
442 56
443 50
444 51
445 56
446 53
447 58
448 57
449 51
450 57
451 58
452 49
453 57
454 53
455 56
456 60
457 59
458 54
459 57
460 61
461 50
462 52
463 63
464 58
465 61
466 62
467 59
468 56
469 62
470 59
471 55
472 47
473 60
474 49
475 56
476 52
477 55
478 56
479 64
480 52
481 55
482 60
483 55
484 60
485 54
486 63
487 62
488 54
489 61
490 59
491 56
492 55
493 60
494 59
495 58
496 57
497 50
498 54
499 52
500 62
501 51
502 53
503 64
504 51
505 62
506 69
507 57
508 59
509 55
510 70
511 50
512 59
513 54
514 60
515 52
516 58
517 53
518 62
519 48
520 64
521 42
522 57
523 50
524 60
525 58
526 60
527 45
528 70
529 63
530 72
531 54
532 58
533 57
534 62
535 74
536 44
537 55
538 52
539 55
540 51
541 51
542 62
543 47
544 56
545 57
546 55
547 53
548 57
549 40
550 51
551 58
552 58
553 64
554 47
555 45
556 62
557 51
558 58
559 69
560 53
561 58
562 56
563 46
564 61
565 58
566 59
567 63
568 51
569 52
570 48
571 61
572 58
573 54
574 55
575 53
576 63
577 70
578 55
579 63
580 64
581 48
582 53
583 56
584 53
585 54
586 47
587 55
588 55
589 57
590 50
591 60
592 62
593 65
594 52
595 60
596 53
597 56
598 57
599 61
600 59
601 53
602 59
603 62
604 55
605 60
606 54
607 55
608 61
609 56
610 61
611 59
612 64
613 55
614 46
615 67
616 62
617 60
618 54
619 53
620 56
621 55
622 66
623 47
624 56
625 66
626 64
627 58
628 70
629 60
630 49
631 58
632 51
633 57
634 59
635 64
636 60
637 60
638 68
639 66
640 72
641 62
642 61
643 53
644 59
645 63
646 58
647 56
648 65
649 61
650 65
651 63
652 55
653 59
654 60
655 51
656 59
657 50
658 63
659 57
660 51
661 56
662 57
663 58
664 49
665 62
666 64
667 51
668 52
669 57
670 60
671 44
672 57
673 58
674 49
675 62
676 63
677 58
678 62
679 47
680 56
681 56
682 56
683 58
684 69
685 57
686 56
687 51
688 52
689 63
690 61
691 57
692 48
693 61
694 56
695 56
696 57
697 70
698 69
699 60
700 58
701 59
702 62
703 53
704 54
705 52
706 58
707 69
708 55
709 58
710 55
711 54
712 60
713 50
714 56
715 61
716 55
717 55
718 64
719 58
720 62
721 66
722 51
723 59
724 54
725 59
726 53
727 61
728 58
729 69
730 62
731 55
732 59
733 58
734 57
735 73
736 50
737 47
738 56
739 59
740 48
741 63
742 53
743 54
744 52
745 58
746 54
747 54
748 66
749 48
750 46
751 57
752 70
753 64
754 62
755 60
756 61
757 62
758 55
759 60
760 59
761 56
762 62
763 50
764 53
765 44
766 59
767 48
768 61
769 55
770 38
771 63
772 50
773 62
774 51
775 48
776 57
777 66
778 58
779 53
780 52
781 52
782 59
783 42
784 56
785 57
786 58
787 54
788 63
789 48
790 52
791 55
792 48
793 49
794 53
795 66
796 59
797 62
798 51
799 48
800 53
801 48
802 48
803 59
804 64
805 52
806 48
807 51
808 56
809 54
810 47
811 66
812 53
813 53
814 60
815 49
816 47
817 60
818 58
819 68
820 59
821 55
822 60
823 51
824 51
825 52
826 56
827 50
828 54
829 54
830 58
831 48
832 52
833 55
834 58
835 48
836 54
837 62
838 65
839 58
840 67
841 61
842 51
843 55
844 53
845 43
846 50
847 59
848 51
849 61
850 70
851 49
852 56
853 58
854 48
855 55
856 75
857 64
858 56
859 55
860 48
861 56
862 61
863 46
864 65
865 60
866 56
867 57
868 62
869 54
870 51
871 44
872 45
873 55
874 64
875 63
876 68
877 69
878 52
879 54
880 47
881 58
882 58
883 53
884 62
885 52
886 55
887 59
888 57
889 55
890 49
891 53
892 48
893 53
894 58
895 54
896 57
897 54
898 66
899 47
900 59
901 62
902 61
903 52
904 54
905 55
906 49
907 57
908 61
909 59
910 61
911 57
912 59
913 59
914 58
915 50
916 62
917 48
918 55
919 51
920 52
921 43
922 59
923 62
924 56
925 56
926 52
927 60
928 63
929 60
930 48
931 42
932 64
933 58
934 58
935 62
936 51
937 52
938 54
939 56
940 56
941 62
942 51
943 55
944 56
945 57
946 51
947 61
948 66
949 52
950 57
951 51
952 65
953 65
954 62
955 63
956 50
957 50
958 60
959 59
960 58
961 69
962 54
963 58
964 61
965 50
966 49
967 66
968 64
969 57
970 68
971 57
972 56
973 60
974 64
975 65
976 66
977 50
978 50
979 62
980 59
981 63
982 65
983 61
984 51
985 54
986 53
987 56
988 55
989 54
990 64
991 49
992 54
993 48
994 55
995 61
996 60
997 65
998 62
999 60
1000 53
1001 57
1002 49
1003 66
1004 56
1005 53
1006 55
1007 65
1008 50
1009 62
1010 65
1011 67
1012 58
1013 70
1014 53
1015 52
1016 50
1017 46
1018 64
1019 49
1020 53
1021 57
1022 54
1023 59
1024 57
1025 61
1026 49
1027 57
1028 41
1029 62
1030 53
1031 49
1032 57
1033 66
1034 56
1035 66
1036 56
1037 62
1038 69
1039 50
1040 43
1041 58
1042 64
1043 48
1044 54
1045 50
1046 70
1047 69
1048 63
1049 52
1050 64
1051 59
1052 51
1053 62
1054 53
1055 55
1056 51
1057 58
1058 45
1059 55
1060 50
1061 64
1062 51
1063 53
1064 54
1065 54
1066 51
1067 63
1068 60
1069 75
1070 50
1071 58
1072 63
1073 54
1074 55
1075 61
1076 50
1077 57
1078 53
1079 61
1080 64
1081 61
1082 60
1083 50
1084 55
1085 50
1086 59
1087 44
1088 47
1089 58
1090 51
1091 57
1092 46
1093 52
1094 53
1095 56
1096 50
1097 63
1098 58
1099 58
1100 49
1101 55
1102 60
1103 55
1104 48
1105 48
1106 62
1107 57
1108 54
1109 55
1110 63
1111 53
1112 51
1113 47
1114 48
1115 58
1116 48
1117 50
1118 54
1119 43
1120 57
1121 50
1122 50
1123 62
1124 58
1125 62
1126 60
1127 61
1128 58
1129 55
1130 61
1131 64
1132 61
1133 60
1134 55
1135 59
1136 47
1137 59
1138 62
1139 60
1140 53
1141 62
1142 61
1143 50
1144 49
1145 56
1146 58
1147 58
1148 55
1149 60
1150 65
1151 56
1152 54
1153 46
1154 41
1155 54
1156 54
1157 46
1158 48
1159 62
1160 58
1161 49
1162 51
1163 55
1164 50
1165 43
1166 56
1167 55
1168 53
1169 54
1170 47
1171 50
1172 54
1173 44
1174 61
1175 53
1176 56
1177 55
1178 47
1179 56
1180 66
1181 52
1182 52
1183 59
1184 63
1185 58
1186 55
1187 45
1188 54
1189 49
1190 56
1191 54
1192 60
1193 54
1194 60
1195 47
1196 48
1197 60
1198 65
1199 54
1200 41
1201 51
1202 52
1203 48
1204 55
1205 63
1206 45
1207 50
1208 54
1209 56
1210 57
1211 51
1212 58
1213 45
1214 60
1215 53
1216 52
1217 57
1218 53
1219 63
1220 45
1221 48
1222 55
1223 63
1224 44
1225 54
1226 61
1227 47
1228 54
1229 58
1230 61
1231 57
1232 50
1233 47
1234 50
1235 59
1236 65
1237 54
1238 54
1239 59
1240 48
1241 48
1242 53
1243 57
1244 52
1245 52
1246 58
1247 50
1248 51
1249 61
1250 46
1251 49
1252 54
1253 58
1254 55
1255 60
1256 61
1257 50
1258 50
1259 52
1260 53
1261 56
1262 46
1263 53
1264 61
1265 54
1266 48
1267 53
1268 54
1269 57
1270 55
1271 54
1272 43
1273 49
1274 53
1275 55
1276 61
1277 56
1278 62
1279 51
1280 56
1281 51
1282 63
1283 61
1284 60
1285 57
1286 60
1287 53
1288 54
1289 53
1290 58
1291 53
1292 51
1293 58
1294 50
1295 61
1296 55
1297 53
1298 64
1299 49
1300 55
1301 56
1302 42
1303 57
1304 59
1305 55
1306 62
1307 61
1308 59
1309 53
1310 61
1311 55
1312 62
1313 55
1314 56
1315 59
1316 58
1317 48
1318 48
1319 52
1320 54
1321 52
1322 55
1323 64
1324 50
1325 58
1326 61
1327 53
1328 51
1329 60
1330 64
1331 72
1332 64
1333 62
1334 59
1335 52
1336 47
1337 46
1338 56
1339 39
1340 57
1341 57
1342 42
1343 59
1344 55
1345 56
1346 49
1347 48
1348 55
1349 69
1350 54
1351 57
1352 53
1353 57
1354 54
1355 53
1356 53
1357 64
1358 59
1359 58
1360 56
1361 47
1362 63
1363 60
1364 55
1365 52
1366 43
1367 65
1368 60
1369 52
1370 44
1371 48
1372 59
1373 42
1374 54
1375 68
1376 55
1377 50
1378 55
1379 56
1380 51
1381 57
1382 65
1383 51
1384 52
1385 56
1386 53
1387 56
1388 52
1389 59
1390 40
1391 52
1392 60
1393 50
1394 64
1395 50
1396 46
1397 50
1398 62
1399 53
1400 58
1401 58
1402 56
1403 57
1404 59
1405 57
1406 51
1407 61
1408 58
1409 56
1410 57
1411 66
1412 56
1413 55
1414 58
1415 51
1416 62
1417 62
1418 60
1419 55
1420 53
1421 60
1422 59
1423 63
1424 62
1425 52
1426 61
1427 58
1428 56
1429 63
1430 43
1431 51
1432 54
1433 58
1434 56
1435 57
1436 52
1437 55
1438 57
1439 58
1440 52
1441 56
1442 58
1443 52
1444 53
1445 46
1446 63
1447 57
1448 63
1449 64
1450 48
1451 61
1452 58
1453 60
1454 50
1455 62
1456 64
1457 55
1458 49
1459 49
1460 50
1461 59
1462 59
1463 51
1464 59
1465 46
1466 50
1467 56
1468 61
1469 55
1470 52
1471 57
1472 66
1473 54
1474 60
1475 51
1476 48
1477 51
1478 50
1479 58
1480 49
1481 56
1482 45
1483 64
1484 61
1485 56
1486 47
1487 56
1488 54
1489 52
1490 50
1491 63
1492 65
1493 52
1494 51
1495 55
1496 56
1497 57
1498 55
1499 58
1500 59
1501 52
1502 57
1503 63
1504 59
1505 64
1506 53
1507 71
1508 45
1509 54
1510 51
1511 51
1512 54
1513 47
1514 55
1515 62
1516 54
1517 57
1518 55
1519 53
1520 61
1521 60
1522 59
1523 53
1524 57
1525 53
1526 60
1527 50
1528 55
1529 53
1530 63
1531 61
1532 55
1533 55
1534 50
1535 54
1536 60
1537 58
1538 55
1539 66
1540 51
1541 63
1542 63
1543 52
1544 60
1545 61
1546 59
1547 41
1548 56
1549 53
1550 50
1551 51
1552 52
1553 55
1554 56
1555 57
1556 57
1557 55
1558 61
1559 56
1560 56
1561 62
1562 57
1563 53
1564 60
1565 55
1566 62
1567 60
1568 61
1569 62
1570 71
1571 50
1572 55
1573 48
1574 58
1575 51
1576 58
1577 61
1578 51
1579 50
1580 60
1581 78
1582 64
1583 62
1584 54
1585 53
1586 60
1587 60
1588 58
1589 49
1590 49
1591 71
1592 54
1593 62
1594 73
1595 58
1596 54
1597 49
1598 62
1599 64
1600 54
1601 63
1602 57
1603 55
1604 55
1605 54
1606 60
1607 57
1608 54
1609 54
1610 52
1611 58
1612 51
1613 55
1614 46
1615 57
1616 52
1617 56
1618 55
1619 67
1620 50
1621 51
1622 61
1623 52
1624 51
1625 50
1626 52
1627 58
1628 51
1629 57
1630 56
1631 62
1632 56
1633 51
1634 41
1635 43
1636 54
1637 57
1638 56
1639 60
1640 55
1641 72
1642 57
1643 69
1644 55
1645 58
1646 65
1647 46
1648 55
1649 59
1650 56
1651 57
1652 55
1653 53
1654 59
1655 57
1656 56
1657 54
1658 68
1659 50
1660 61
1661 60
1662 56
1663 59
1664 50
1665 45
1666 56
1667 54
1668 57
1669 55
1670 59
1671 42
1672 60
1673 54
1674 49
1675 54
1676 51
1677 63
1678 66
1679 49
1680 59
1681 58
1682 48
1683 71
1684 54
1685 47
1686 64
1687 53
1688 54
1689 69
1690 53
1691 54
1692 57
1693 61
1694 55
1695 55
1696 60
1697 50
1698 64
1699 51
1700 46
1701 62
1702 59
1703 59
1704 53
1705 60
1706 46
1707 47
1708 51
1709 56
1710 48
1711 59
1712 61
1713 71
1714 51
1715 40
1716 57
1717 62
1718 55
1719 52
1720 62
1721 56
1722 63
1723 47
1724 48
1725 61
1726 46
1727 55
1728 62
1729 57
1730 57
1731 54
1732 60
1733 56
1734 63
1735 47
1736 59
1737 55
1738 56
1739 61
1740 66
1741 63
1742 53
1743 59
1744 53
1745 51
1746 58
1747 51
1748 70
1749 53
1750 45
1751 51
1752 46
1753 55
1754 53
1755 47
1756 56
1757 50
1758 55
1759 51
1760 49
1761 44
1762 50
1763 61
1764 54
1765 56
1766 56
1767 58
1768 45
1769 57
1770 67
1771 60
1772 52
1773 67
1774 52
1775 59
1776 52
1777 62
1778 56
1779 53
1780 61
1781 64
1782 55
1783 77
1784 48
1785 55
1786 46
1787 47
1788 57
1789 55
1790 53
1791 51
1792 58
1793 54
1794 55
1795 50
1796 55
1797 47
1798 58
1799 42
1800 61
1801 54
1802 64
1803 51
1804 61
1805 54
1806 66
1807 52
1808 53
1809 47
1810 61
1811 65
1812 59
1813 68
1814 56
1815 50
1816 55
1817 56
1818 61
1819 54
1820 60
1821 48
1822 44
1823 53
1824 57
1825 51
1826 58
1827 52
1828 56
1829 49
1830 56
1831 61
1832 49
1833 53
1834 47
1835 48
1836 56
1837 55
1838 66
1839 53
1840 55
1841 50
1842 53
1843 55
1844 68
1845 52
1846 49
1847 58
1848 62
1849 58
1850 48
1851 48
1852 59
1853 58
1854 51
1855 65
1856 37
1857 57
1858 53
1859 54
1860 53
1861 59
1862 56
1863 53
1864 52
1865 51
1866 53
1867 52
1868 58
1869 55
1870 50
1871 51
1872 65
1873 64
1874 56
1875 60
1876 55
1877 63
1878 53
1879 52
1880 49
1881 48
1882 62
1883 56
1884 51
1885 49
1886 60
1887 62
1888 51
1889 61
1890 61
1891 62
1892 40
1893 43
1894 55
1895 54
1896 55
1897 48
1898 58
1899 49
1900 54
1901 46
1902 44
1903 51
1904 59
1905 52
1906 56
1907 55
1908 54
1909 44
1910 60
1911 58
1912 51
1913 53
1914 50
1915 48
1916 59
1917 61
1918 47
1919 54
1920 60
1921 52
1922 54
1923 63
1924 54
1925 58
1926 52
1927 52
1928 54
1929 52
1930 59
1931 56
1932 64
1933 55
1934 64
1935 46
1936 54
1937 56
1938 57
1939 47
1940 51
1941 56
1942 63
1943 63
1944 62
1945 54
1946 59
1947 58
1948 54
1949 54
1950 53
1951 57
1952 58
1953 47
1954 44
1955 51
1956 54
1957 58
1958 53
1959 63
1960 57
1961 45
1962 44
1963 54
1964 54
1965 54
1966 61
1967 60
1968 54
1969 52
1970 60
1971 45
1972 48
1973 43
1974 58
1975 59
1976 53
1977 50
1978 54
1979 46
1980 55
1981 53
1982 52
1983 50
1984 54
1985 51
1986 51
1987 51
1988 54
1989 65
1990 57
1991 60
1992 52
1993 56
1994 61
1995 49
1996 55
1997 47
1998 65
1999 52
2000 50
2001 56
2002 48
2003 62
2004 57
2005 60
2006 54
2007 49
2008 56
2009 54
2010 50
2011 57
2012 56
2013 52
2014 49
2015 43
2016 59
2017 55
2018 63
2019 53
2020 55
2021 51
2022 54
2023 54
2024 47
2025 47
2026 53
2027 57
2028 52
2029 45
2030 53
2031 45
2032 48
2033 58
2034 55
2035 54
2036 76
2037 49
2038 54
2039 59
2040 58
2041 52
2042 60
2043 58
2044 50
2045 58
2046 55
2047 56
2048 67
2049 51
2050 59
2051 61
2052 62
2053 52
2054 55
2055 54
2056 62
2057 54
2058 53
2059 53
2060 63
2061 52
2062 54
2063 53
2064 57
2065 65
2066 60
2067 51
2068 50
2069 51
2070 61
2071 50
2072 41
2073 57
2074 59
2075 63
2076 57
2077 58
2078 59
2079 51
2080 49
2081 52
2082 59
2083 55
2084 55
2085 51
2086 59
2087 50
2088 44
2089 51
2090 43
2091 58
2092 53
2093 54
2094 57
2095 54
2096 46
2097 63
2098 50
2099 65
2100 55
2101 63
2102 45
2103 67
2104 64
2105 60
2106 48
2107 54
2108 61
2109 56
2110 44
2111 56
2112 61
2113 61
2114 72
2115 54
2116 55
2117 61
2118 57
2119 63
2120 64
2121 59
2122 61
2123 55
2124 68
2125 51
2126 69
2127 58
2128 60
2129 52
2130 61
2131 63
2132 70
2133 56
2134 53
2135 49
2136 45
2137 67
2138 58
2139 59
2140 49
2141 61
2142 60
2143 61
2144 51
2145 50
2146 56
2147 65
2148 55
2149 60
2150 61
2151 58
2152 50
2153 53
2154 48
2155 48
2156 57
2157 56
2158 62
2159 57
2160 57
2161 49
2162 50
2163 61
2164 58
2165 52
2166 60
2167 62
2168 45
2169 56
2170 56
2171 37
2172 56
2173 61
2174 54
2175 61
2176 50
2177 56
2178 54
2179 48
2180 55
2181 52
2182 69
2183 62
2184 53
2185 47
2186 60
2187 50
2188 57
2189 55
2190 57
2191 58
2192 50
2193 65
2194 60
2195 46
2196 58
2197 55
2198 50
2199 47
2200 57
2201 66
2202 53
2203 48
2204 58
2205 60
2206 47
2207 53
2208 49
2209 51
2210 54
2211 68
2212 59
2213 51
2214 64
2215 59
2216 66
2217 61
2218 59
2219 52
2220 50
2221 56
2222 48
2223 51
2224 55
2225 56
2226 61
2227 61
2228 49
2229 57
2230 53
2231 64
2232 51
2233 51
2234 58
2235 57
2236 60
2237 59
2238 56
2239 49
2240 51
2241 67
2242 52
2243 51
2244 60
2245 53
2246 56
2247 52
2248 48
2249 67
2250 53
2251 52
2252 53
2253 56
2254 53
2255 59
2256 55
2257 44
2258 61
2259 45
2260 56
2261 46
2262 54
2263 56
2264 50
2265 57
2266 59
2267 66
2268 59
2269 61
2270 44
2271 52
2272 48
2273 63
2274 60
2275 56
2276 44
2277 55
2278 45
2279 61
2280 56
2281 65
2282 52
2283 52
2284 46
2285 56
2286 55
2287 50
2288 57
2289 54
2290 54
2291 55
2292 64
2293 47
2294 49
2295 47
2296 54
2297 57
2298 62
2299 54
2300 51
2301 65
2302 52
2303 56
2304 49
2305 52
2306 58
2307 54
2308 59
2309 50
2310 42
2311 58
2312 38
2313 56
2314 52
2315 44
2316 61
2317 70
2318 60
2319 62
2320 56
2321 58
2322 58
2323 56
2324 60
2325 49
2326 60
2327 47
2328 59
2329 64
2330 49
2331 62
2332 48
2333 51
2334 51
2335 60
2336 58
2337 61
2338 60
2339 57
2340 61
2341 46
2342 68
2343 53
2344 55
2345 70
2346 55
2347 58
2348 57
2349 52
2350 52
2351 63
2352 58
2353 67
2354 59
2355 50
2356 52
2357 53
2358 51
2359 58
2360 47
2361 61
2362 55
2363 56
2364 55
2365 56
2366 57
2367 50
2368 52
2369 47
2370 50
2371 61
2372 51
2373 59
2374 56
2375 46
2376 52
2377 51
2378 60
2379 68
2380 58
2381 65
2382 60
2383 64
2384 56
2385 64
2386 52
2387 62
2388 52
2389 52
2390 56
2391 50
2392 63
2393 49
2394 52
2395 56
2396 69
2397 64
2398 61
2399 57
2400 56
2401 58
2402 61
2403 53
2404 58
2405 62
2406 56
2407 51
2408 68
2409 55
2410 64
2411 65
2412 58
2413 53
2414 59
2415 54
2416 53
2417 55
2418 49
2419 57
2420 51
2421 62
2422 59
2423 52
2424 48
2425 44
2426 56
2427 66
2428 56
2429 49
2430 53
2431 53
2432 55
2433 61
2434 63
2435 52
2436 64
2437 56
2438 53
2439 67
2440 50
2441 53
2442 68
2443 59
2444 51
2445 54
2446 57
2447 62
2448 57
2449 56
2450 55
2451 55
2452 50
2453 47
2454 67
2455 54
2456 53
2457 55
2458 50
2459 58
2460 63
2461 54
2462 61
2463 61
2464 66
2465 58
2466 57
2467 66
2468 58
2469 66
2470 58
2471 61
2472 61
2473 56
2474 51
2475 60
2476 57
2477 62
2478 67
2479 56
2480 53
2481 53
2482 62
2483 57
2484 54
2485 65
2486 53
2487 54
2488 72
2489 55
2490 54
2491 63
2492 63
2493 54
2494 55
2495 52
2496 60
2497 56
2498 53
2499 55
2500 61
2501 52
2502 62
2503 57
2504 55
2505 52
2506 54
2507 46
2508 62
2509 47
2510 46
2511 60
2512 66
2513 55
2514 56
2515 54
2516 48
2517 53
2518 55
2519 57
2520 53
2521 61
2522 64
2523 51
2524 66
2525 62
2526 53
2527 51
2528 63
2529 61
2530 48
2531 59
2532 51
2533 62
2534 52
2535 53
2536 46
2537 53
2538 52
2539 60
2540 51
2541 48
2542 54
2543 65
2544 51
2545 57
2546 56
2547 52
2548 58
2549 58
2550 57
2551 54
2552 59
2553 62
2554 57
2555 49
2556 54
2557 56
2558 54
2559 53
2560 58
2561 41
2562 70
2563 60
2564 52
2565 59
2566 62
2567 49
2568 61
2569 48
2570 64
2571 63
2572 53
2573 67
2574 56
2575 48
2576 65
2577 65
2578 46
2579 69
2580 65
2581 52
2582 57
2583 59
2584 52
2585 46
2586 64
2587 69
2588 61
2589 60
2590 52
2591 60
2592 52
2593 52
2594 54
2595 58
2596 58
2597 53
2598 56
2599 65
2600 49
2601 60
2602 58
2603 46
2604 54
2605 56
2606 59
2607 58
2608 58
2609 67
2610 48
2611 53
2612 52
2613 53
2614 63
2615 59
2616 56
2617 67
2618 63
2619 55
2620 61
2621 54
2622 58
2623 53
2624 48
2625 50
2626 60
2627 51
2628 56
2629 58
2630 54
2631 41
2632 51
2633 57
2634 58
2635 62
2636 46
2637 60
2638 58
2639 45
2640 56
2641 54
2642 51
2643 58
2644 64
2645 65
2646 66
2647 58
2648 60
2649 59
2650 55
2651 39
2652 50
2653 62
2654 44
2655 61
2656 52
2657 55
2658 66
2659 58
2660 59
2661 50
2662 63
2663 60
2664 51
2665 56
2666 59
2667 49
2668 58
2669 56
2670 59
2671 57
2672 49
2673 55
2674 64
2675 56
2676 60
2677 57
2678 60
2679 54
2680 47
2681 50
2682 57
2683 64
2684 50
2685 57
2686 54
2687 60
2688 52
2689 55
2690 61
2691 50
2692 60
2693 57
2694 58
2695 50
2696 52
2697 55
2698 56
2699 56
2700 53
2701 46
2702 65
2703 62
2704 46
2705 65
2706 54
2707 61
2708 56
2709 60
2710 61
2711 55
2712 60
2713 51
2714 50
2715 64
2716 61
2717 51
2718 59
2719 53
2720 51
2721 56
2722 52
2723 50
2724 47
2725 55
2726 61
2727 44
2728 62
2729 58
2730 52
2731 62
2732 47
2733 58
2734 53
2735 59
2736 64
2737 56
2738 61
2739 61
2740 45
2741 62
2742 69
2743 49
2744 57
2745 53
2746 54
2747 56
2748 61
2749 57
2750 62
2751 50
2752 67
2753 63
2754 50
2755 50
2756 62
2757 58
2758 61
2759 49
2760 56
2761 59
2762 61
2763 53
2764 60
2765 57
2766 57
2767 67
2768 52
2769 68
2770 61
2771 56
2772 55
2773 53
2774 65
2775 61
2776 54
2777 56
2778 66
2779 46
2780 58
2781 54
2782 67
2783 63
2784 54
2785 54
2786 57
2787 60
2788 50
2789 70
2790 67
2791 58
2792 63
2793 60
2794 55
2795 64
2796 55
2797 60
2798 42
2799 50
2800 53
2801 54
2802 55
2803 59
2804 47
2805 56
2806 56
2807 49
2808 59
2809 57
2810 60
2811 54
2812 59
2813 58
2814 59
2815 46
2816 58
2817 53
2818 48
2819 44
2820 46
2821 50
2822 51
2823 63
2824 53
2825 56
2826 62
2827 58
2828 48
2829 63
2830 60
2831 52
2832 53
2833 54
2834 47
2835 62
2836 51
2837 57
2838 55
2839 54
2840 62
2841 44
2842 61
2843 62
2844 55
2845 68
2846 52
2847 50
2848 59
2849 57
2850 49
2851 59
2852 48
2853 54
2854 62
2855 61
2856 65
2857 62
2858 60
2859 56
2860 54
2861 57
2862 55
2863 59
2864 49
2865 52
2866 50
2867 54
2868 47
2869 57
2870 48
2871 56
2872 45
2873 57
2874 54
2875 50
2876 54
2877 44
2878 51
2879 55
2880 45
2881 55
2882 51
2883 55
2884 51
2885 62
2886 58
2887 57
2888 55
2889 48
2890 59
2891 59
2892 56
2893 52
2894 55
2895 44
2896 61
2897 51
2898 49
2899 58
2900 56
2901 57
2902 58
2903 52
2904 52
2905 50
2906 51
2907 53
2908 56
2909 57
2910 57
2911 53
2912 63
2913 53
2914 51
2915 62
2916 54
2917 46
2918 58
2919 53
2920 58
2921 45
2922 54
2923 61
2924 64
2925 56
2926 46
2927 48
2928 58
2929 56
2930 56
2931 60
2932 59
2933 54
2934 46
2935 50
2936 59
2937 50
2938 63
2939 53
2940 53
2941 62
2942 60
2943 59
2944 67
2945 57
2946 53
2947 46
2948 50
2949 55
2950 54
2951 59
2952 49
2953 48
2954 55
2955 51
2956 46
2957 62
2958 50
2959 47
2960 48
2961 44
2962 57
2963 55
2964 52
2965 48
2966 62
2967 49
2968 55
2969 51
2970 55
2971 52
2972 56
2973 53
2974 54
2975 56
2976 54
2977 61
2978 54
2979 57
2980 56
2981 56
2982 50
2983 56
2984 57
2985 48
2986 44
2987 57
2988 55
2989 64
2990 48
2991 57
2992 51
2993 55
2994 56
2995 48
2996 51
2997 56
2998 60
2999 53
3000 48
3001 54
3002 62
3003 59
3004 55
3005 59
3006 62
3007 45
3008 61
3009 47
3010 51
3011 54
3012 45
3013 52
3014 56
3015 65
3016 61
3017 63
3018 56
3019 65
3020 59
3021 48
3022 54
3023 52
3024 56
3025 59
3026 65
3027 53
3028 49
3029 45
3030 55
3031 57
3032 55
3033 55
3034 53
3035 53
3036 59
3037 54
3038 50
3039 64
3040 60
3041 47
3042 54
3043 58
3044 53
3045 62
3046 53
3047 58
3048 55
3049 47
3050 54
3051 54
3052 47
3053 45
3054 51
3055 60
3056 55
3057 54
3058 60
3059 43
3060 62
3061 55
3062 56
3063 51
3064 53
3065 49
3066 48
3067 50
3068 47
3069 56
3070 47
3071 51
3072 46
3073 54
3074 55
3075 43
3076 59
3077 53
3078 52
3079 53
3080 65
3081 53
3082 53
3083 51
3084 50
3085 44
3086 45
3087 48
3088 49
3089 47
3090 51
3091 58
3092 43
3093 56
3094 54
3095 49
3096 48
3097 58
3098 55
3099 43
3100 51
3101 62
3102 54
3103 60
3104 52
3105 54
3106 51
3107 56
3108 61
3109 47
3110 44
3111 46
3112 45
3113 45
3114 50
3115 46
3116 49
3117 47
3118 54
3119 47
3120 41
3121 52
3122 47
3123 59
3124 58
3125 47
3126 56
3127 50
3128 57
3129 51
3130 59
3131 57
3132 61
3133 53
3134 60
3135 60
3136 52
3137 45
3138 45
3139 51
3140 50
3141 50
3142 53
3143 53
3144 55
3145 57
3146 51
3147 57
3148 51
3149 65
3150 51
3151 58
3152 49
3153 58
3154 51
3155 58
3156 47
3157 54
3158 51
3159 49
3160 52
3161 51
3162 50
3163 59
3164 61
3165 62
3166 51
3167 51
3168 57
3169 50
3170 55
3171 44
3172 43
3173 50
3174 56
3175 50
3176 51
3177 71
3178 55
3179 61
3180 46
3181 60
3182 58
3183 63
3184 44
3185 60
3186 58
3187 61
3188 51
3189 45
3190 56
3191 60
3192 62
3193 57
3194 57
3195 54
3196 42
3197 49
3198 56
3199 57
3200 55
3201 54
3202 62
3203 60
3204 60
3205 49
3206 53
3207 43
3208 49
3209 55
3210 57
3211 51
3212 41
3213 70
3214 67
3215 58
3216 55
3217 59
3218 61
3219 48
3220 60
3221 51
3222 55
3223 56
3224 52
3225 56
3226 53
3227 52
3228 52
3229 58
3230 47
3231 59
3232 61
3233 53
3234 55
3235 59
3236 53
3237 58
3238 58
3239 52
3240 64
3241 49
3242 42
3243 45
3244 62
3245 61
3246 62
3247 58
3248 51
3249 59
3250 53
3251 63
3252 46
3253 48
3254 50
3255 56
3256 51
3257 53
3258 47
3259 45
3260 63
3261 59
3262 55
3263 61
3264 58
3265 66
3266 51
3267 61
3268 57
3269 69
3270 61
3271 57
3272 53
3273 63
3274 62
3275 53
3276 51
3277 48
3278 42
3279 54
3280 53
3281 58
3282 52
3283 66
3284 59
3285 52
3286 48
3287 51
3288 54
3289 53
3290 44
3291 53
3292 58
3293 47
3294 52
3295 50
3296 55
3297 46
3298 55
3299 55
3300 44
3301 47
3302 60
3303 54
3304 59
3305 45
3306 48
3307 49
3308 47
3309 53
3310 56
3311 50
3312 41
3313 52
3314 54
3315 43
3316 43
3317 61
3318 59
3319 49
3320 54
3321 47
3322 50
3323 44
3324 60
3325 67
3326 56
3327 63
3328 56
3329 53
3330 55
3331 52
3332 51
3333 62
3334 63
3335 59
3336 59
3337 54
3338 55
3339 50
3340 58
3341 66
3342 49
3343 56
3344 46
3345 46
3346 55
3347 50
3348 52
3349 55
3350 46
3351 49
3352 55
3353 53
3354 60
3355 44
3356 55
3357 63
3358 50
3359 50
3360 56
3361 50
3362 53
3363 53
3364 65
3365 70
3366 57
3367 61
3368 56
3369 49
3370 57
3371 55
3372 62
3373 63
3374 61
3375 60
3376 55
3377 50
3378 60
3379 62
3380 52
3381 59
3382 48
3383 50
3384 51
3385 53
3386 56
3387 48
3388 60
3389 54
3390 50
3391 57
3392 48
3393 47
3394 55
3395 53
3396 49
3397 52
3398 58
3399 54
3400 68
3401 60
3402 58
3403 50
3404 51
3405 58
3406 61
3407 51
3408 60
3409 59
3410 55
3411 58
3412 59
3413 61
3414 57
3415 56
3416 60
3417 66
3418 52
3419 55
3420 59
3421 52
3422 63
3423 59
3424 52
3425 50
3426 59
3427 59
3428 68
3429 54
3430 57
3431 61
3432 64
3433 63
3434 59
3435 50
3436 41
3437 64
3438 43
3439 54
3440 46
3441 44
3442 51
3443 54
3444 52
3445 55
3446 57
3447 58
3448 55
3449 48
3450 57
3451 66
3452 55
3453 60
3454 59
3455 53
3456 49
3457 53
3458 60
3459 60
3460 49
3461 48
3462 52
3463 56
3464 52
3465 55
3466 49
3467 49
3468 69
3469 53
3470 54
3471 59
3472 49
3473 59
3474 51
3475 51
3476 52
3477 60
3478 56
3479 51
3480 55
3481 61
3482 63
3483 51
3484 55
3485 52
3486 58
3487 61
3488 56
3489 44
3490 58
3491 49
3492 56
3493 55
3494 48
3495 63
3496 49
3497 50
3498 52
3499 56
3500 58
3501 46
3502 60
3503 58
3504 53
3505 54
3506 53
3507 54
3508 56
3509 58
3510 55
3511 49
3512 50
3513 44
3514 62
3515 56
3516 52
3517 46
3518 65
3519 55
3520 53
3521 57
3522 48
3523 59
3524 58
3525 48
3526 56
3527 50
3528 58
3529 56
3530 55
3531 63
3532 46
3533 54
3534 51
3535 61
3536 44
3537 58
3538 54
3539 51
3540 70
3541 56
3542 48
3543 49
3544 59
3545 52
3546 57
3547 50
3548 72
3549 62
3550 56
3551 56
3552 61
3553 51
3554 59
3555 58
3556 47
3557 63
3558 50
3559 60
3560 49
3561 51
3562 48
3563 59
3564 54
3565 62
3566 62
3567 59
3568 58
3569 52
3570 51
3571 48
3572 52
3573 56
3574 60
3575 48
3576 61
3577 55
3578 56
3579 51
3580 63
3581 53
3582 56
3583 57
3584 54
3585 55
3586 47
3587 57
3588 55
3589 49
3590 55
3591 49
3592 57
3593 55
3594 53
3595 58
3596 65
3597 66
3598 52
3599 52
3600 69
3601 54
3602 62
3603 44
3604 51
3605 66
3606 62
3607 52
3608 71
3609 59
3610 58
3611 52
3612 56
3613 35
3614 49
3615 57
3616 60
3617 55
3618 55
3619 52
3620 69
3621 49
3622 56
3623 45
3624 42
3625 55
3626 54
3627 52
3628 54
3629 64
3630 59
3631 70
3632 49
3633 52
3634 58
3635 54
3636 53
3637 63
3638 53
3639 52
3640 55
3641 57
3642 56
3643 53
3644 52
3645 60
3646 64
3647 59
3648 55
3649 56
3650 66
3651 59
3652 51
3653 55
3654 64
3655 55
3656 49
3657 59
3658 48
3659 49
3660 57
3661 43
3662 53
3663 50
3664 51
3665 59
3666 60
3667 58
3668 56
3669 56
3670 56
3671 62
3672 57
3673 53
3674 53
3675 59
3676 60
3677 56
3678 58
3679 41
3680 65
3681 55
3682 47
3683 56
3684 50
3685 56
3686 59
3687 65
3688 54
3689 54
3690 62
3691 49
3692 57
3693 62
3694 54
3695 51
3696 63
3697 56
3698 52
3699 60
3700 53
3701 64
3702 59
3703 59
3704 58
3705 52
3706 55
3707 61
3708 55
3709 46
3710 57
3711 62
3712 43
3713 60
3714 60
3715 58
3716 55
3717 55
3718 49
3719 60
3720 50
3721 45
3722 54
3723 60
3724 66
3725 54
3726 55
3727 43
3728 63
3729 65
3730 49
3731 58
3732 50
3733 62
3734 59
3735 55
3736 50
3737 58
3738 54
3739 57
3740 52
3741 59
3742 53
3743 59
3744 64
3745 62
3746 57
3747 43
3748 56
3749 47
3750 63
3751 55
3752 56
3753 52
3754 60
3755 50
3756 58
3757 63
3758 56
3759 54
3760 51
3761 54
3762 53
3763 54
3764 53
3765 53
3766 54
3767 58
3768 56
3769 49
3770 57
3771 53
3772 52
3773 54
3774 55
3775 48
3776 58
3777 50
3778 62
3779 50
3780 60
3781 58
3782 54
3783 56
3784 56
3785 54
3786 56
3787 55
3788 59
3789 61
3790 62
3791 52
3792 51
3793 53
3794 49
3795 56
3796 60
3797 47
3798 52
3799 50
3800 60
3801 63
3802 53
3803 50
3804 51
3805 56
3806 51
3807 56
3808 54
3809 61
3810 53
3811 52
3812 58
3813 64
3814 49
3815 51
3816 61
3817 62
3818 57
3819 52
3820 67
3821 64
3822 58
3823 64
3824 53
3825 51
3826 75
3827 55
3828 51
3829 48
3830 44
3831 62
3832 57
3833 59
3834 59
3835 56
3836 53
3837 56
3838 53
3839 66
3840 59
3841 60
3842 56
3843 57
3844 50
3845 61
3846 52
3847 47
3848 58
3849 54
3850 51
3851 58
3852 48
3853 61
3854 49
3855 60
3856 54
3857 55
3858 59
3859 62
3860 55
3861 58
3862 60
3863 59
3864 49
3865 49
3866 55
3867 44
3868 68
3869 65
3870 56
3871 65
3872 56
3873 56
3874 64
3875 62
3876 61
3877 50
3878 55
3879 48
3880 56
3881 50
3882 54
3883 66
3884 58
3885 60
3886 52
3887 51
3888 65
3889 65
3890 63
3891 55
3892 53
3893 57
3894 54
3895 58
3896 57
3897 50
3898 57
3899 53
3900 65
3901 63
3902 54
3903 52
3904 57
3905 55
3906 58
3907 55
3908 61
3909 50
3910 50
3911 61
3912 49
3913 59
3914 59
3915 46
3916 56
3917 50
3918 51
3919 42
3920 47
3921 54
3922 55
3923 51
3924 53
3925 44
3926 59
3927 54
3928 47
3929 51
3930 58
3931 57
3932 46
3933 60
3934 53
3935 57
3936 53
3937 65
3938 51
3939 62
3940 64
3941 48
3942 55
3943 55
3944 52
3945 56
3946 62
3947 58
3948 47
3949 57
3950 60
3951 59
3952 69
3953 60
3954 57
3955 47
3956 64
3957 53
3958 64
3959 53
3960 48
3961 69
3962 48
3963 51
3964 60
3965 52
3966 54
3967 59
3968 61
3969 50
3970 51
3971 43
3972 56
3973 70
3974 59
3975 56
3976 55
3977 48
3978 48
3979 55
3980 40
3981 61
3982 46
3983 45
3984 59
3985 52
3986 52
3987 46
3988 51
3989 42
3990 44
3991 55
3992 54
3993 49
3994 53
3995 57
3996 64
3997 52
3998 56
3999 54
4000 52
4001 60
4002 49
4003 60
4004 53
4005 60
4006 41
4007 56
4008 54
4009 50
4010 46
4011 58
4012 58
4013 63
4014 54
4015 63
4016 51
4017 60
4018 56
4019 60
4020 57
4021 56
4022 60
4023 61
4024 55
4025 61
4026 57
4027 62
4028 54
4029 60
4030 51
4031 64
4032 57
4033 52
4034 63
4035 58
4036 68
4037 51
4038 54
4039 54
4040 59
4041 60
4042 55
4043 49
4044 52
4045 53
4046 62
4047 62
4048 49
4049 60
4050 53
4051 59
4052 56
4053 60
4054 50
4055 48
4056 43
4057 58
4058 46
4059 49
4060 49
4061 57
4062 58
4063 54
4064 59
4065 54
4066 54
4067 49
4068 56
4069 56
4070 52
4071 64
4072 64
4073 61
4074 53
4075 52
4076 59
4077 52
4078 56
4079 49
4080 52
4081 49
4082 45
4083 54
4084 51
4085 67
4086 55
4087 64
4088 60
4089 69
4090 57
4091 47
4092 48
4093 61
4094 60
4095 60
4096 67
4097 56
4098 52
4099 50
4100 58
4101 48
4102 49
4103 52
4104 55
4105 41
4106 54
4107 42
4108 57
4109 60
4110 55
4111 53
4112 57
4113 51
4114 58
4115 52
4116 52
4117 55
4118 61
4119 42
4120 64
4121 49
4122 49
4123 57
4124 66
4125 49
4126 48
4127 46
4128 62
4129 53
4130 49
4131 52
4132 53
4133 53
4134 59
4135 54
4136 57
4137 65
4138 62
4139 61
4140 50
4141 52
4142 54
4143 63
4144 55
4145 64
4146 58
4147 69
4148 40
4149 54
4150 57
4151 56
4152 50
4153 62
4154 68
4155 47
4156 59
4157 56
4158 50
4159 54
4160 57
4161 53
4162 49
4163 57
4164 62
4165 61
4166 47
4167 72
4168 60
4169 66
4170 53
4171 48
4172 60
4173 59
4174 52
4175 49
4176 59
4177 63
4178 44
4179 61
4180 46
4181 59
4182 52
4183 50
4184 54
4185 50
4186 52
4187 63
4188 55
4189 60
4190 56
4191 57
4192 62
4193 59
4194 64
4195 59
4196 52
4197 54
4198 50
4199 65
4200 55
4201 56
4202 55
4203 52
4204 52
4205 56
4206 46
4207 49
4208 51
4209 49
4210 55
4211 49
4212 58
4213 47
4214 54
4215 61
4216 53
4217 62
4218 56
4219 54
4220 54
4221 55
4222 59
4223 56
4224 61
4225 58
4226 51
4227 50
4228 55
4229 49
4230 61
4231 51
4232 52
4233 59
4234 57
4235 59
4236 46
4237 49
4238 45
4239 59
4240 54
4241 52
4242 50
4243 49
4244 53
4245 47
4246 44
4247 49
4248 52
4249 54
4250 50
4251 63
4252 51
4253 55
4254 55
4255 44
4256 55
4257 59
4258 41
4259 57
4260 56
4261 55
4262 58
4263 53
4264 53
4265 44
4266 52
4267 57
4268 50
4269 51
4270 49
4271 54
4272 52
4273 49
4274 57
4275 54
4276 53
4277 47
4278 54
4279 51
4280 57
4281 56
4282 56
4283 49
4284 54
4285 56
4286 66
4287 49
4288 54
4289 57
4290 56
4291 55
4292 57
4293 56
4294 54
4295 59
4296 54
4297 53
4298 51
4299 55
4300 48
4301 44
4302 57
4303 57
4304 71
4305 51
4306 65
4307 61
4308 56
4309 58
4310 60
4311 53
4312 59
4313 45
4314 54
4315 53
4316 56
4317 60
4318 53
4319 59
4320 64
4321 64
4322 58
4323 62
4324 48
4325 49
4326 69
4327 59
4328 58
4329 53
4330 61
4331 58
4332 65
4333 59
4334 57
4335 47
4336 61
4337 64
4338 57
4339 58
4340 70
4341 55
4342 64
4343 60
4344 59
4345 62
4346 57
4347 57
4348 49
4349 53
4350 56
4351 55
4352 56
4353 55
4354 52
4355 64
4356 65
4357 60
4358 50
4359 45
4360 56
4361 53
4362 47
4363 55
4364 59
4365 55
4366 70
4367 63
4368 48
4369 58
4370 51
4371 44
4372 51
4373 61
4374 54
4375 58
4376 53
4377 57
4378 48
4379 58
4380 73
4381 58
4382 59
4383 56
4384 49
4385 46
4386 57
4387 59
4388 49
4389 50
4390 53
4391 55
4392 64
4393 61
4394 54
4395 46
4396 42
4397 62
4398 51
4399 60
4400 57
4401 59
4402 60
4403 58
4404 47
4405 55
4406 46
4407 47
4408 64
4409 41
4410 50
4411 49
4412 51
4413 54
4414 62
4415 56
4416 62
4417 53
4418 51
4419 42
4420 49
4421 63
4422 56
4423 68
4424 51
4425 65
4426 49
4427 55
4428 51
4429 54
4430 56
4431 63
4432 51
4433 63
4434 53
4435 54
4436 55
4437 56
4438 46
4439 50
4440 60
4441 57
4442 63
4443 51
4444 46
4445 57
4446 57
4447 55
4448 52
4449 61
4450 58
4451 55
4452 57
4453 52
4454 62
4455 54
4456 53
4457 60
4458 46
4459 55
4460 59
4461 47
4462 54
4463 49
4464 51
4465 55
4466 54
4467 52
4468 49
4469 51
4470 53
4471 57
4472 68
4473 58
4474 55
4475 65
4476 55
4477 61
4478 60
4479 62
4480 52
4481 59
4482 60
4483 58
4484 61
4485 52
4486 62
4487 66
4488 65
4489 61
4490 51
4491 53
4492 56
4493 60
4494 65
4495 50
4496 58
4497 50
4498 63
4499 62
4500 56
4501 50
4502 55
4503 59
4504 56
4505 65
4506 52
4507 53
4508 55
4509 59
4510 53
4511 60
4512 57
4513 56
4514 49
4515 46
4516 52
4517 52
4518 47
4519 47
4520 56
4521 49
4522 52
4523 60
4524 47
4525 47
4526 54
4527 47
4528 55
4529 56
4530 49
4531 47
4532 53
4533 48
4534 54
4535 46
4536 54
4537 60
4538 59
4539 54
4540 59
4541 58
4542 53
4543 56
4544 58
4545 59
4546 60
4547 52
4548 58
4549 54
4550 66
4551 53
4552 48
4553 55
4554 66
4555 59
4556 56
4557 49
4558 60
4559 52
4560 63
4561 43
4562 64
4563 60
4564 48
4565 61
4566 43
4567 53
4568 53
4569 51
4570 62
4571 50
4572 63
4573 67
4574 44
4575 64
4576 57
4577 51
4578 59
4579 59
4580 47
4581 57
4582 66
4583 50
4584 63
4585 60
4586 58
4587 50
4588 67
4589 58
4590 55
4591 51
4592 55
4593 50
4594 72
4595 53
4596 53
4597 61
4598 61
4599 46
4600 60
4601 52
4602 54
4603 60
4604 41
4605 60
4606 53
4607 63
4608 61
4609 58
4610 55
4611 61
4612 58
4613 51
4614 48
4615 63
4616 49
4617 60
4618 50
4619 61
4620 49
4621 54
4622 51
4623 44
4624 59
4625 50
4626 56
4627 37
4628 63
4629 49
4630 58
4631 57
4632 47
4633 54
4634 63
4635 52
4636 59
4637 67
4638 52
4639 54
4640 64
4641 64
4642 68
4643 54
4644 65
4645 55
4646 50
4647 55
4648 62
4649 57
4650 65
4651 56
4652 53
4653 49
4654 61
4655 54
4656 64
4657 55
4658 64
4659 51
4660 55
4661 53
4662 46
4663 61
4664 59
4665 66
4666 54
4667 61
4668 52
4669 56
4670 48
4671 58
4672 52
4673 51
4674 54
4675 51
4676 66
4677 62
4678 53
4679 61
4680 55
4681 53
4682 60
4683 63
4684 53
4685 55
4686 45
4687 54
4688 47
4689 60
4690 56
4691 47
4692 51
4693 48
4694 55
4695 52
4696 55
4697 53
4698 56
4699 65
4700 41
4701 61
4702 52
4703 54
4704 55
4705 50
4706 52
4707 59
4708 51
4709 47
4710 58
4711 45
4712 56
4713 61
4714 47
4715 47
4716 45
4717 63
4718 53
4719 49
4720 64
4721 48
4722 57
4723 49
4724 44
4725 50
4726 54
4727 54
4728 60
4729 55
4730 50
4731 51
4732 52
4733 57
4734 60
4735 44
4736 66
4737 55
4738 60
4739 48
4740 55
4741 58
4742 63
4743 58
4744 64
4745 52
4746 49
4747 46
4748 62
4749 54
4750 54
4751 59
4752 55
4753 52
4754 57
4755 51
4756 61
4757 50
4758 60
4759 56
4760 54
4761 63
4762 54
4763 49
4764 59
4765 51
4766 56
4767 62
4768 61
4769 59
4770 57
4771 61
4772 56
4773 59
4774 44
4775 49
4776 59
4777 53
4778 60
4779 58
4780 58
4781 43
4782 50
4783 56
4784 42
4785 50
4786 57
4787 58
4788 54
4789 41
4790 59
4791 48
4792 47
4793 62
4794 54
4795 43
4796 47
4797 59
4798 58
4799 53
4800 54
4801 105
