0 64
1 60
2 58
3 61
4 63
5 64
6 52
7 65
8 63
9 62
10 55
11 55
12 60
13 62
14 66
15 66
16 60
17 54
18 61
19 57
20 68
21 52
22 68
23 60
24 61
25 69
26 63
27 70
28 57
29 58
30 66
31 57
32 56
33 62
34 51
35 56
36 60
37 59
38 53
39 55
40 61
41 59
42 55
43 52
44 65
45 51
46 66
47 46
48 58
49 51
50 56
51 66
52 59
53 56
54 50
55 61
56 55
57 61
58 52
59 48
60 54
61 53
62 50
63 58
64 57
65 58
66 50
67 59
68 56
69 67
70 62
71 56
72 62
73 64
74 63
75 54
76 56
77 55
78 56
79 63
80 51
81 71
82 60
83 60
84 64
85 61
86 54
87 58
88 57
89 57
90 61
91 58
92 61
93 53
94 45
95 49
96 52
97 60
98 57
99 47
100 47
101 55
102 59
103 61
104 43
105 54
106 49
107 48
108 61
109 49
110 58
111 56
112 59
113 54
114 61
115 51
116 51
117 59
118 61
119 60
120 53
121 54
122 58
123 62
124 58
125 52
126 66
127 49
128 42
129 48
130 55
131 48
132 62
133 57
134 59
135 52
136 55
137 59
138 66
139 57
140 61
141 48
142 65
143 54
144 61
145 61
146 65
147 51
148 52
149 52
150 55
151 57
152 53
153 52
154 56
155 70
156 55
157 52
158 77
159 57
160 53
161 59
162 52
163 50
164 61
165 60
166 60
167 53
168 51
169 53
170 57
171 62
172 54
173 58
174 51
175 67
176 60
177 63
178 64
179 56
180 53
181 52
182 70
183 56
184 59
185 57
186 57
187 49
188 69
189 51
190 67
191 49
192 51
193 55
194 70
195 58
196 53
197 66
198 54
199 51
200 64
201 66
202 53
203 59
204 66
205 68
206 65
207 61
208 54
209 59
210 59
211 60
212 48
213 68
214 54
215 59
216 52
217 63
218 64
219 65
220 64
221 67
222 55
223 54
224 60
225 61
226 60
227 68
228 73
229 54
230 59
231 67
232 50
233 61
234 57
235 55
236 54
237 51
238 71
239 67
240 58
241 64
242 60
243 62
244 68
245 55
246 59
247 60
248 55
249 65
250 56
251 52
252 45
253 59
254 59
255 58
256 57
257 56
258 57
259 59
260 59
261 59
262 56
263 64
264 52
265 53
266 51
267 61
268 53
269 48
270 56
271 64
272 49
273 63
274 54
275 65
276 57
277 69
278 60
279 58
280 50
281 50
282 58
283 48
284 63
285 51
286 58
287 58
288 53
289 69
290 54
291 67
292 67
293 62
294 50
295 64
296 58
297 71
298 62
299 58
300 65
301 62
302 60
303 64
304 60
305 61
306 51
307 55
308 60
309 69
310 53
311 57
312 51
313 60
314 71
315 71
316 58
317 64
318 70
319 62
320 53
321 68
322 63
323 60
324 57
325 52
326 60
327 64
328 46
329 68
330 58
331 66
332 60
333 56
334 60
335 60
336 57
337 66
338 61
339 58
340 57
341 60
342 43
343 58
344 63
345 57
346 58
347 58
348 58
349 69
350 63
351 58
352 56
353 51
354 55
355 50
356 57
357 59
358 60
359 67
360 57
361 60
362 59
363 62
364 57
365 47
366 56
367 56
368 54
369 65
370 64
371 51
372 57
373 70
374 59
375 70
376 60
377 67
378 68
379 58
380 57
381 50
382 56
383 65
384 53
385 57
386 72
387 70
388 68
389 56
390 58
391 62
392 66
393 54
394 67
395 62
396 51
397 55
398 54
399 63
400 54
401 63
402 54
403 65
404 58
405 52
406 69
407 60
408 60
409 54
410 59
411 58
412 55
413 60
414 61
415 60
416 57
417 66
418 59
419 56
420 55
421 69
422 57
423 49
424 52
425 59
426 54
427 58
428 47
429 69
430 66
431 63
432 72
433 57
434 59
435 63
436 65
437 56
438 60
439 50
440 54
441 58
442 67
443 54
444 61
445 63
446 68
447 58
448 58
449 56
450 68
451 64
452 68
453 48
454 70
455 60
456 60
457 58
458 64
459 50
460 68
461 57
462 62
463 60
464 53
465 64
466 56
467 61
468 53
469 48
470 55
471 57
472 60
473 59
474 58
475 66
476 50
477 54
478 64
479 67
480 60
481 49
482 45
483 55
484 52
485 60
486 57
487 64
488 56
489 38
490 58
491 58
492 65
493 57
494 41
495 68
496 58
497 61
498 54
499 58
500 60
501 68
502 53
503 61
504 53
505 64
506 49
507 57
508 59
509 61
510 57
511 50
512 60
513 48
514 53
515 63
516 48
517 53
518 61
519 65
520 61
521 49
522 53
523 55
524 52
525 60
526 64
527 56
528 60
529 54
530 51
531 55
532 51
533 52
534 48
535 47
536 56
537 62
538 49
539 44
540 48
541 59
542 57
543 61
544 49
545 54
546 62
547 54
548 60
549 48
550 42
551 51
552 55
553 63
554 57
555 66
556 51
557 55
558 65
559 54
560 44
561 54
562 52
563 60
564 49
565 59
566 52
567 54
568 58
569 64
570 45
571 54
572 52
573 53
574 56
575 58
576 57
577 58
578 56
579 65
580 60
581 65
582 55
583 64
584 54
585 48
586 58
587 52
588 73
589 56
590 58
591 44
592 55
593 55
594 54
595 55
596 56
597 44
598 71
599 57
600 50
601 52
602 55
603 53
604 49
605 56
606 46
607 53
608 53
609 62
610 60
611 59
612 49
613 48
614 66
615 63
616 63
617 53
618 57
619 59
620 63
621 61
622 55
623 62
624 57
625 65
626 55
627 48
628 62
629 57
630 61
631 65
632 58
633 54
634 67
635 51
636 57
637 67
638 52
639 52
640 53
641 45
642 50
643 66
644 57
645 53
646 59
647 59
648 58
649 51
650 56
651 53
652 57
653 51
654 55
655 62
656 61
657 55
658 57
659 53
660 56
661 62
662 59
663 57
664 53
665 51
666 69
667 57
668 54
669 56
670 50
671 58
672 56
673 53
674 69
675 60
676 54
677 55
678 48
679 60
680 53
681 57
682 53
683 65
684 42
685 58
686 60
687 60
688 55
689 63
690 49
691 60
692 51
693 50
694 63
695 57
696 59
697 59
698 55
699 51
700 50
701 50
702 38
703 57
704 52
705 48
706 46
707 61
708 59
709 65
710 63
711 55
712 55
713 70
714 61
715 64
716 64
717 66
718 49
719 58
720 54
721 45
722 67
723 61
724 65
725 67
726 58
727 54
728 63
729 63
730 55
731 59
732 59
733 59
734 54
735 57
736 64
737 49
738 59
739 57
740 64
741 60
742 55
743 57
744 52
745 72
746 55
747 63
748 57
749 60
750 63
751 56
752 53
753 52
754 64
755 59
756 65
757 62
758 64
759 60
760 61
761 51
762 64
763 54
764 62
765 66
766 60
767 54
768 43
769 52
770 42
771 61
772 42
773 52
774 42
775 48
776 63
777 52
778 64
779 52
780 53
781 61
782 59
783 54
784 62
785 56
786 50
787 46
788 58
789 51
790 54
791 58
792 58
793 68
794 52
795 52
796 56
797 57
798 65
799 55
800 50
801 59
802 53
803 57
804 57
805 44
806 51
807 59
808 47
809 50
810 65
811 56
812 60
813 55
814 63
815 50
816 62
817 61
818 51
819 49
820 61
821 63
822 57
823 41
824 65
825 42
826 54
827 48
828 48
829 71
830 65
831 62
832 53
833 61
834 51
835 60
836 46
837 51
838 64
839 62
840 62
841 62
842 65
843 63
844 55
845 57
846 58
847 54
848 54
849 58
850 54
851 54
852 52
853 55
854 56
855 49
856 51
857 63
858 56
859 46
860 57
861 54
862 61
863 53
864 52
865 45
866 68
867 56
868 55
869 50
870 56
871 45
872 62
873 51
874 54
875 64
876 60
877 52
878 67
879 52
880 61
881 65
882 66
883 58
884 54
885 50
886 55
887 51
888 50
889 57
890 52
891 54
892 56
893 52
894 57
895 63
896 66
897 61
898 60
899 55
900 63
901 54
902 44
903 62
904 57
905 46
906 62
907 54
908 58
909 57
910 62
911 64
912 52
913 57
914 59
915 59
916 55
917 59
918 54
919 64
920 51
921 47
922 61
923 53
924 62
925 42
926 55
927 50
928 72
929 47
930 44
931 59
932 65
933 59
934 53
935 66
936 60
937 67
938 67
939 63
940 50
941 53
942 50
943 48
944 53
945 59
946 56
947 57
948 57
949 63
950 56
951 45
952 52
953 51
954 51
955 46
956 56
957 54
958 56
959 63
960 63
961 51
962 63
963 55
964 60
965 56
966 62
967 56
968 55
969 52
970 59
971 58
972 63
973 62
974 53
975 58
976 63
977 50
978 49
979 62
980 57
981 60
982 49
983 54
984 57
985 62
986 58
987 55
988 59
989 49
990 64
991 57
992 53
993 50
994 55
995 50
996 52
997 59
998 57
999 57
1000 68
1001 58
1002 55
1003 63
1004 56
1005 51
1006 59
1007 56
1008 54
1009 55
1010 56
1011 56
1012 61
1013 51
1014 63
1015 66
1016 67
1017 58
1018 48
1019 52
1020 54
1021 66
1022 53
1023 66
1024 56
1025 61
1026 53
1027 46
1028 58
1029 54
1030 53
1031 54
1032 54
1033 52
1034 47
1035 55
1036 54
1037 54
1038 65
1039 62
1040 59
1041 50
1042 65
1043 50
1044 51
1045 49
1046 67
1047 61
1048 62
1049 63
1050 56
1051 58
1052 62
1053 67
1054 54
1055 52
1056 57
1057 53
1058 53
1059 56
1060 61
1061 54
1062 61
1063 64
1064 55
1065 53
1066 52
1067 57
1068 51
1069 54
1070 52
1071 62
1072 56
1073 58
1074 60
1075 58
1076 66
1077 56
1078 55
1079 60
1080 41
1081 58
1082 54
1083 68
1084 49
1085 58
1086 62
1087 58
1088 55
1089 50
1090 53
1091 64
1092 63
1093 57
1094 63
1095 49
1096 55
1097 63
1098 62
1099 60
1100 58
1101 59
1102 57
1103 56
1104 59
1105 61
1106 67
1107 59
1108 51
1109 70
1110 56
1111 57
1112 60
1113 60
1114 58
1115 55
1116 55
1117 43
1118 60
1119 42
1120 64
1121 62
1122 52
1123 58
1124 61
1125 63
1126 55
1127 47
1128 59
1129 43
1130 57
1131 61
1132 55
1133 65
1134 56
1135 50
1136 53
1137 55
1138 59
1139 68
1140 63
1141 54
1142 54
1143 61
1144 56
1145 57
1146 62
1147 59
1148 63
1149 57
1150 58
1151 62
1152 56
1153 57
1154 53
1155 50
1156 60
1157 53
1158 51
1159 55
1160 54
1161 51
1162 63
1163 60
1164 64
1165 47
1166 58
1167 52
1168 57
1169 53
1170 65
1171 68
1172 43
1173 53
1174 60
1175 59
1176 45
1177 50
1178 67
1179 58
1180 53
1181 52
1182 60
1183 54
1184 62
1185 67
1186 56
1187 60
1188 62
1189 55
1190 60
1191 49
1192 54
1193 57
1194 45
1195 61
1196 50
1197 59
1198 45
1199 50
1200 50
1201 57
1202 56
1203 46
1204 63
1205 58
1206 54
1207 54
1208 60
1209 42
1210 59
1211 58
1212 54
1213 48
1214 58
1215 58
1216 47
1217 60
1218 63
1219 64
1220 48
1221 59
1222 48
1223 55
1224 72
1225 57
1226 56
1227 48
1228 48
1229 58
1230 58
1231 61
1232 65
1233 57
1234 52
1235 55
1236 58
1237 61
1238 53
1239 58
1240 73
1241 55
1242 61
1243 66
1244 53
1245 55
1246 51
1247 58
1248 57
1249 50
1250 57
1251 63
1252 50
1253 59
1254 62
1255 57
1256 56
1257 57
1258 63
1259 64
1260 45
1261 59
1262 53
1263 54
1264 64
1265 55
1266 57
1267 49
1268 47
1269 74
1270 54
1271 51
1272 49
1273 58
1274 54
1275 53
1276 57
1277 61
1278 45
1279 48
1280 51
1281 55
1282 57
1283 48
1284 64
1285 58
1286 44
1287 50
1288 67
1289 59
1290 61
1291 62
1292 67
1293 52
1294 55
1295 57
1296 54
1297 62
1298 51
1299 62
1300 43
1301 51
1302 48
1303 53
1304 49
1305 60
1306 63
1307 54
1308 60
1309 51
1310 51
1311 55
1312 65
1313 66
1314 45
1315 57
1316 76
1317 54
1318 62
1319 58
1320 60
1321 55
1322 60
1323 52
1324 55
1325 55
1326 50
1327 64
1328 58
1329 62
1330 48
1331 58
1332 63
1333 52
1334 52
1335 70
1336 78
1337 60
1338 61
1339 58
1340 54
1341 39
1342 57
1343 57
1344 51
1345 48
1346 54
1347 67
1348 51
1349 58
1350 56
1351 54
1352 52
1353 46
1354 62
1355 66
1356 71
1357 52
1358 57
1359 63
1360 66
1361 57
1362 59
1363 64
1364 54
1365 52
1366 58
1367 58
1368 58
1369 50
1370 56
1371 48
1372 63
1373 59
1374 59
1375 57
1376 53
1377 50
1378 57
1379 55
1380 49
1381 56
1382 49
1383 59
1384 53
1385 55
1386 57
1387 54
1388 62
1389 56
1390 52
1391 61
1392 55
1393 52
1394 66
1395 56
1396 52
1397 51
1398 62
1399 69
1400 50
1401 58
1402 56
1403 55
1404 62
1405 54
1406 53
1407 55
1408 48
1409 59
1410 55
1411 65
1412 57
1413 53
1414 67
1415 51
1416 50
1417 69
1418 55
1419 52
1420 68
1421 64
1422 59
1423 64
1424 54
1425 60
1426 51
1427 65
1428 60
1429 62
1430 65
1431 54
1432 41
1433 64
1434 49
1435 61
1436 53
1437 68
1438 53
1439 56
1440 55
1441 52
1442 56
1443 48
1444 56
1445 52
1446 48
1447 52
1448 65
1449 73
1450 53
1451 52
1452 58
1453 58
1454 59
1455 57
1456 57
1457 43
1458 52
1459 58
1460 58
1461 47
1462 64
1463 55
1464 62
1465 55
1466 67
1467 60
1468 47
1469 52
1470 54
1471 50
1472 57
1473 62
1474 61
1475 51
1476 60
1477 54
1478 51
1479 56
1480 66
1481 61
1482 56
1483 61
1484 59
1485 53
1486 68
1487 64
1488 54
1489 52
1490 56
1491 54
1492 59
1493 57
1494 49
1495 57
1496 53
1497 55
1498 51
1499 53
1500 48
1501 63
1502 62
1503 49
1504 49
1505 53
1506 53
1507 58
1508 50
1509 52
1510 57
1511 55
1512 47
1513 49
1514 59
1515 46
1516 58
1517 57
1518 48
1519 48
1520 54
1521 64
1522 49
1523 51
1524 46
1525 55
1526 56
1527 56
1528 44
1529 51
1530 52
1531 58
1532 56
1533 48
1534 59
1535 54
1536 56
1537 54
1538 60
1539 54
1540 52
1541 56
1542 52
1543 62
1544 61
1545 64
1546 62
1547 73
1548 57
1549 62
1550 64
1551 57
1552 41
1553 60
1554 51
1555 58
1556 70
1557 60
1558 55
1559 56
1560 64
1561 62
1562 58
1563 58
1564 54
1565 57
1566 48
1567 62
1568 55
1569 46
1570 51
1571 57
1572 56
1573 48
1574 63
1575 60
1576 60
1577 66
1578 64
1579 59
1580 43
1581 60
1582 50
1583 57
1584 57
1585 66
1586 48
1587 62
1588 48
1589 57
1590 54
1591 51
1592 68
1593 52
1594 52
1595 46
1596 54
1597 61
1598 57
1599 56
1600 51
1601 58
1602 48
1603 46
1604 49
1605 52
1606 58
1607 51
1608 54
1609 52
1610 59
1611 58
1612 48
1613 53
1614 54
1615 62
1616 43
1617 55
1618 47
1619 53
1620 47
1621 55
1622 50
1623 58
1624 60
1625 77
1626 61
1627 50
1628 56
1629 57
1630 61
1631 57
1632 51
1633 52
1634 75
1635 59
1636 48
1637 56
1638 54
1639 54
1640 55
1641 57
1642 56
1643 49
1644 56
1645 42
1646 55
1647 54
1648 45
1649 59
1650 60
1651 52
1652 45
1653 51
1654 61
1655 60
1656 53
1657 62
1658 50
1659 58
1660 52
1661 63
1662 55
1663 55
1664 57
1665 52
1666 43
1667 56
1668 50
1669 61
1670 56
1671 54
1672 44
1673 54
1674 56
1675 57
1676 53
1677 51
1678 55
1679 56
1680 42
1681 48
1682 57
1683 60
1684 66
1685 48
1686 42
1687 63
1688 62
1689 53
1690 52
1691 46
1692 54
1693 61
1694 57
1695 51
1696 54
1697 48
1698 62
1699 62
1700 57
1701 56
1702 67
1703 55
1704 59
1705 52
1706 48
1707 68
1708 57
1709 48
1710 62
1711 68
1712 63
1713 60
1714 51
1715 56
1716 57
1717 51
1718 63
1719 52
1720 55
1721 65
1722 49
1723 51
1724 58
1725 61
1726 66
1727 49
1728 62
1729 66
1730 45
1731 58
1732 48
1733 56
1734 49
1735 55
1736 58
1737 50
1738 62
1739 54
1740 53
1741 52
1742 59
1743 52
1744 56
1745 46
1746 53
1747 50
1748 56
1749 56
1750 49
1751 45
1752 50
1753 56
1754 51
1755 59
1756 59
1757 45
1758 51
1759 53
1760 55
1761 51
1762 54
1763 58
1764 56
1765 54
1766 54
1767 60
1768 57
1769 55
1770 57
1771 51
1772 50
1773 53
1774 55
1775 66
1776 58
1777 50
1778 60
1779 57
1780 63
1781 57
1782 55
1783 59
1784 59
1785 58
1786 56
1787 54
1788 51
1789 64
1790 53
1791 74
1792 52
1793 61
1794 53
1795 55
1796 60
1797 54
1798 58
1799 56
1800 65
1801 55
1802 47
1803 57
1804 53
1805 56
1806 53
1807 59
1808 53
1809 56
1810 65
1811 55
1812 56
1813 53
1814 60
1815 54
1816 49
1817 57
1818 58
1819 62
1820 55
1821 56
1822 56
1823 55
1824 55
1825 51
1826 63
1827 66
1828 57
1829 55
1830 65
1831 60
1832 51
1833 58
1834 51
1835 54
1836 62
1837 65
1838 62
1839 51
1840 58
1841 67
1842 60
1843 61
1844 49
1845 46
1846 59
1847 55
1848 55
1849 65
1850 51
1851 61
1852 57
1853 48
1854 44
1855 55
1856 56
1857 53
1858 52
1859 59
1860 50
1861 54
1862 61
1863 68
1864 42
1865 63
1866 63
1867 49
1868 54
1869 55
1870 56
1871 44
1872 54
1873 56
1874 53
1875 56
1876 59
1877 54
1878 57
1879 53
1880 62
1881 62
1882 62
1883 59
1884 56
1885 55
1886 47
1887 59
1888 57
1889 53
1890 62
1891 49
1892 56
1893 58
1894 48
1895 59
1896 54
1897 63
1898 60
1899 60
1900 46
1901 54
1902 58
1903 62
1904 53
1905 48
1906 53
1907 59
1908 54
1909 45
1910 48
1911 45
1912 57
1913 59
1914 52
1915 60
1916 62
1917 53
1918 59
1919 51
1920 53
1921 68
1922 51
1923 46
1924 53
1925 47
1926 45
1927 54
1928 48
1929 56
1930 58
1931 61
1932 60
1933 48
1934 60
1935 66
1936 55
1937 60
1938 56
1939 52
1940 52
1941 54
1942 64
1943 59
1944 52
1945 51
1946 51
1947 40
1948 69
1949 56
1950 56
1951 51
1952 61
1953 55
1954 59
1955 49
1956 62
1957 59
1958 53
1959 54
1960 63
1961 62
1962 60
1963 55
1964 54
1965 51
1966 59
1967 57
1968 52
1969 52
1970 60
1971 50
1972 52
1973 65
1974 50
1975 50
1976 62
1977 60
1978 60
1979 58
1980 50
1981 56
1982 63
1983 43
1984 62
1985 53
1986 64
1987 62
1988 45
1989 64
1990 59
1991 44
1992 53
1993 47
1994 49
1995 69
1996 59
1997 47
1998 69
1999 59
2000 58
2001 57
2002 53
2003 60
2004 57
2005 46
2006 52
2007 60
2008 59
2009 54
2010 59
2011 43
2012 49
2013 51
2014 43
2015 44
2016 63
2017 62
2018 57
2019 62
2020 52
2021 37
2022 59
2023 49
2024 55
2025 68
2026 55
2027 57
2028 62
2029 53
2030 59
2031 52
2032 63
2033 51
2034 53
2035 61
2036 57
2037 61
2038 47
2039 55
2040 58
2041 50
2042 66
2043 60
2044 56
2045 54
2046 62
2047 50
2048 49
2049 63
2050 57
2051 61
2052 50
2053 53
2054 59
2055 55
2056 52
2057 56
2058 52
2059 62
2060 53
2061 57
2062 45
2063 48
2064 52
2065 53
2066 51
2067 52
2068 49
2069 46
2070 57
2071 66
2072 57
2073 52
2074 61
2075 43
2076 56
2077 52
2078 47
2079 47
2080 46
2081 49
2082 49
2083 57
2084 53
2085 58
2086 58
2087 59
2088 59
2089 43
2090 54
2091 52
2092 49
2093 52
2094 57
2095 50
2096 58
2097 59
2098 58
2099 41
2100 54
2101 55
2102 51
2103 46
2104 56
2105 55
2106 64
2107 60
2108 62
2109 64
2110 51
2111 56
2112 44
2113 54
2114 55
2115 55
2116 45
2117 50
2118 56
2119 59
2120 50
2121 64
2122 47
2123 61
2124 60
2125 55
2126 56
2127 58
2128 56
2129 49
2130 49
2131 42
2132 54
2133 60
2134 58
2135 65
2136 49
2137 47
2138 60
2139 62
2140 47
2141 49
2142 49
2143 50
2144 49
2145 54
2146 54
2147 57
2148 60
2149 56
2150 59
2151 57
2152 60
2153 56
2154 59
2155 56
2156 61
2157 58
2158 51
2159 53
2160 62
2161 51
2162 43
2163 60
2164 47
2165 52
2166 49
2167 51
2168 49
2169 50
2170 50
2171 54
2172 49
2173 57
2174 51
2175 53
2176 61
2177 56
2178 57
2179 61
2180 57
2181 58
2182 58
2183 51
2184 51
2185 52
2186 62
2187 54
2188 49
2189 57
2190 55
2191 64
2192 51
2193 61
2194 48
2195 39
2196 57
2197 54
2198 59
2199 33
2200 45
2201 56
2202 54
2203 55
2204 54
2205 55
2206 55
2207 55
2208 54
2209 55
2210 44
2211 56
2212 48
2213 46
2214 53
2215 56
2216 63
2217 61
2218 66
2219 54
2220 66
2221 53
2222 52
2223 56
2224 59
2225 46
2226 59
2227 56
2228 54
2229 51
2230 66
2231 53
2232 51
2233 50
2234 45
2235 53
2236 52
2237 47
2238 57
2239 52
2240 54
2241 52
2242 60
2243 57
2244 53
2245 62
2246 54
2247 60
2248 55
2249 44
2250 60
2251 54
2252 50
2253 59
2254 53
2255 47
2256 55
2257 61
2258 55
2259 52
2260 54
2261 54
2262 62
2263 45
2264 56
2265 63
2266 60
2267 57
2268 49
2269 47
2270 49
2271 61
2272 43
2273 67
2274 52
2275 57
2276 61
2277 63
2278 61
2279 54
2280 53
2281 59
2282 50
2283 42
2284 58
2285 53
2286 54
2287 63
2288 55
2289 46
2290 52
2291 49
2292 52
2293 64
2294 55
2295 53
2296 60
2297 58
2298 54
2299 53
2300 65
2301 55
2302 54
2303 62
2304 54
2305 56
2306 57
2307 56
2308 49
2309 54
2310 53
2311 54
2312 45
2313 49
2314 68
2315 67
2316 51
2317 63
2318 59
2319 55
2320 59
2321 57
2322 62
2323 64
2324 58
2325 54
2326 55
2327 53
2328 54
2329 48
2330 53
2331 52
2332 48
2333 61
2334 56
2335 57
2336 56
2337 55
2338 52
2339 52
2340 53
2341 53
2342 57
2343 66
2344 59
2345 53
2346 59
2347 48
2348 48
2349 57
2350 55
2351 56
2352 56
2353 65
2354 62
2355 59
2356 55
2357 56
2358 57
2359 60
2360 55
2361 48
2362 48
2363 47
2364 56
2365 57
2366 56
2367 55
2368 54
2369 52
2370 48
2371 43
2372 54
2373 56
2374 55
2375 50
2376 57
2377 55
2378 64
2379 64
2380 48
2381 57
2382 59
2383 61
2384 54
2385 49
2386 56
2387 62
2388 56
2389 61
2390 49
2391 51
2392 52
2393 49
2394 47
2395 65
2396 54
2397 52
2398 57
2399 60
2400 48
2401 50
2402 61
2403 55
2404 65
2405 52
2406 69
2407 63
2408 63
2409 68
2410 61
2411 57
2412 52
2413 62
2414 58
2415 53
2416 62
2417 73
2418 50
2419 57
2420 67
2421 60
2422 58
2423 67
2424 64
2425 61
2426 58
2427 64
2428 69
2429 60
2430 63
2431 55
2432 54
2433 56
2434 62
2435 62
2436 55
2437 54
2438 61
2439 56
2440 52
2441 48
2442 56
2443 59
2444 55
2445 61
2446 52
2447 64
2448 57
2449 52
2450 60
2451 48
2452 52
2453 51
2454 64
2455 59
2456 52
2457 63
2458 54
2459 63
2460 57
2461 45
2462 56
2463 55
2464 55
2465 58
2466 61
2467 56
2468 60
2469 53
2470 64
2471 59
2472 58
2473 57
2474 50
2475 64
2476 63
2477 55
2478 59
2479 60
2480 55
2481 55
2482 62
2483 60
2484 56
2485 54
2486 73
2487 60
2488 53
2489 63
2490 48
2491 43
2492 52
2493 65
2494 56
2495 46
2496 51
2497 59
2498 56
2499 50
2500 52
2501 52
2502 61
2503 57
2504 52
2505 52
2506 56
2507 66
2508 59
2509 59
2510 55
2511 56
2512 53
2513 61
2514 52
2515 60
2516 65
2517 68
2518 66
2519 57
2520 51
2521 55
2522 59
2523 67
2524 56
2525 57
2526 56
2527 64
2528 49
2529 62
2530 71
2531 61
2532 76
2533 59
2534 58
2535 58
2536 54
2537 58
2538 60
2539 60
2540 60
2541 57
2542 49
2543 48
2544 67
2545 55
2546 59
2547 57
2548 59
2549 55
2550 59
2551 61
2552 66
2553 60
2554 55
2555 47
2556 52
2557 56
2558 60
2559 51
2560 54
2561 52
2562 67
2563 56
2564 49
2565 60
2566 57
2567 56
2568 57
2569 56
2570 60
2571 51
2572 48
2573 59
2574 54
2575 54
2576 63
2577 56
2578 61
2579 49
2580 56
2581 68
2582 56
2583 58
2584 65
2585 52
2586 71
2587 57
2588 61
2589 55
2590 66
2591 59
2592 64
2593 64
2594 58
2595 55
2596 49
2597 51
2598 61
2599 60
2600 60
2601 58
2602 62
2603 62
2604 64
2605 50
2606 55
2607 56
2608 65
2609 63
2610 52
2611 69
2612 57
2613 60
2614 59
2615 44
2616 73
2617 65
2618 48
2619 62
2620 49
2621 64
2622 54
2623 54
2624 61
2625 59
2626 58
2627 67
2628 60
2629 67
2630 68
2631 61
2632 62
2633 56
2634 52
2635 61
2636 49
2637 54
2638 52
2639 57
2640 55
2641 68
2642 71
2643 60
2644 57
2645 63
2646 46
2647 57
2648 63
2649 57
2650 57
2651 57
2652 58
2653 60
2654 55
2655 63
2656 63
2657 59
2658 57
2659 63
2660 66
2661 54
2662 54
2663 60
2664 56
2665 69
2666 59
2667 60
2668 51
2669 63
2670 64
2671 62
2672 54
2673 57
2674 72
2675 46
2676 64
2677 61
2678 52
2679 66
2680 60
2681 62
2682 62
2683 60
2684 64
2685 58
2686 61
2687 59
2688 62
2689 50
2690 62
2691 51
2692 61
2693 61
2694 74
2695 58
2696 58
2697 62
2698 54
2699 62
2700 53
2701 54
2702 46
2703 59
2704 56
2705 62
2706 59
2707 55
2708 52
2709 42
2710 51
2711 62
2712 52
2713 51
2714 59
2715 50
2716 52
2717 55
2718 68
2719 60
2720 63
2721 63
2722 51
2723 53
2724 65
2725 60
2726 58
2727 57
2728 60
2729 60
2730 50
2731 57
2732 55
2733 63
2734 66
2735 49
2736 47
2737 58
2738 57
2739 48
2740 64
2741 59
2742 56
2743 57
2744 59
2745 58
2746 58
2747 57
2748 62
2749 58
2750 58
2751 59
2752 68
2753 49
2754 57
2755 54
2756 63
2757 55
2758 57
2759 56
2760 60
2761 63
2762 66
2763 56
2764 70
2765 53
2766 48
2767 48
2768 67
2769 59
2770 66
2771 55
2772 59
2773 54
2774 62
2775 53
2776 54
2777 55
2778 60
2779 64
2780 50
2781 56
2782 61
2783 46
2784 53
2785 63
2786 62
2787 53
2788 60
2789 52
2790 39
2791 62
2792 54
2793 62
2794 50
2795 50
2796 48
2797 57
2798 60
2799 59
2800 58
2801 62
2802 60
2803 58
2804 60
2805 52
2806 57
2807 58
2808 56
2809 65
2810 67
2811 64
2812 61
2813 58
2814 59
2815 62
2816 63
2817 55
2818 47
2819 62
2820 61
2821 54
2822 49
2823 56
2824 45
2825 55
2826 61
2827 70
2828 60
2829 66
2830 64
2831 61
2832 67
2833 58
2834 52
2835 60
2836 64
2837 54
2838 63
2839 53
2840 53
2841 60
2842 56
2843 52
2844 48
2845 52
2846 51
2847 58
2848 62
2849 57
2850 55
2851 60
2852 64
2853 55
2854 52
2855 48
2856 64
2857 50
2858 58
2859 55
2860 52
2861 56
2862 55
2863 49
2864 57
2865 53
2866 53
2867 57
2868 62
2869 61
2870 64
2871 50
2872 55
2873 50
2874 59
2875 52
2876 58
2877 57
2878 63
2879 59
2880 50
2881 66
2882 49
2883 45
2884 62
2885 50
2886 46
2887 55
2888 66
2889 50
2890 58
2891 60
2892 45
2893 45
2894 52
2895 53
2896 57
2897 62
2898 57
2899 57
2900 46
2901 51
2902 62
2903 53
2904 49
2905 53
2906 50
2907 63
2908 49
2909 53
2910 60
2911 50
2912 61
2913 54
2914 67
2915 52
2916 44
2917 63
2918 56
2919 59
2920 54
2921 56
2922 49
2923 52
2924 57
2925 64
2926 50
2927 50
2928 61
2929 63
2930 47
2931 70
2932 66
2933 55
2934 66
2935 49
2936 59
2937 59
2938 56
2939 52
2940 39
2941 54
2942 56
2943 53
2944 54
2945 57
2946 54
2947 54
2948 56
2949 64
2950 45
2951 52
2952 55
2953 52
2954 59
2955 55
2956 47
2957 46
2958 48
2959 60
2960 55
2961 65
2962 42
2963 48
2964 64
2965 52
2966 53
2967 47
2968 51
2969 53
2970 55
2971 54
2972 50
2973 54
2974 62
2975 57
2976 56
2977 51
2978 65
2979 54
2980 49
2981 50
2982 51
2983 47
2984 50
2985 57
2986 57
2987 59
2988 67
2989 51
2990 63
2991 54
2992 61
2993 54
2994 39
2995 68
2996 51
2997 60
2998 50
2999 50
3000 52
3001 55
3002 49
3003 54
3004 61
3005 48
3006 61
3007 59
3008 55
3009 57
3010 54
3011 62
3012 55
3013 52
3014 72
3015 54
3016 50
3017 50
3018 51
3019 60
3020 58
3021 51
3022 53
3023 56
3024 54
3025 50
3026 50
3027 66
3028 49
3029 48
3030 53
3031 58
3032 55
3033 53
3034 54
3035 59
3036 51
3037 57
3038 67
3039 51
3040 54
3041 63
3042 63
3043 53
3044 53
3045 64
3046 59
3047 56
3048 68
3049 53
3050 54
3051 61
3052 54
3053 50
3054 49
3055 53
3056 68
3057 58
3058 52
3059 64
3060 48
3061 53
3062 60
3063 54
3064 48
3065 47
3066 62
3067 59
3068 57
3069 58
3070 63
3071 56
3072 56
3073 56
3074 63
3075 59
3076 56
3077 51
3078 55
3079 62
3080 59
3081 56
3082 54
3083 51
3084 56
3085 56
3086 59
3087 61
3088 46
3089 56
3090 46
3091 38
3092 59
3093 50
3094 58
3095 61
3096 50
3097 61
3098 48
3099 49
3100 61
3101 59
3102 43
3103 43
3104 59
3105 61
3106 54
3107 59
3108 43
3109 49
3110 56
3111 40
3112 49
3113 64
3114 61
3115 55
3116 54
3117 50
3118 65
3119 54
3120 54
3121 63
3122 62
3123 52
3124 61
3125 58
3126 66
3127 59
3128 45
3129 64
3130 65
3131 57
3132 58
3133 54
3134 64
3135 56
3136 50
3137 65
3138 62
3139 55
3140 56
3141 57
3142 50
3143 61
3144 52
3145 52
3146 61
3147 58
3148 48
3149 48
3150 55
3151 57
3152 54
3153 60
3154 54
3155 49
3156 56
3157 67
3158 56
3159 65
3160 60
3161 51
3162 73
3163 61
3164 52
3165 55
3166 57
3167 59
3168 64
3169 52
3170 64
3171 53
3172 59
3173 60
3174 54
3175 52
3176 59
3177 61
3178 61
3179 63
3180 51
3181 58
3182 51
3183 58
3184 55
3185 56
3186 60
3187 50
3188 62
3189 59
3190 60
3191 52
3192 57
3193 59
3194 54
3195 70
3196 50
3197 50
3198 63
3199 59
3200 57
3201 57
3202 64
3203 68
3204 65
3205 57
3206 61
3207 58
3208 59
3209 57
3210 56
3211 57
3212 59
3213 57
3214 55
3215 55
3216 50
3217 61
3218 57
3219 61
3220 48
3221 56
3222 61
3223 54
3224 48
3225 52
3226 54
3227 53
3228 48
3229 53
3230 56
3231 59
3232 60
3233 57
3234 45
3235 62
3236 65
3237 56
3238 57
3239 41
3240 59
3241 57
3242 57
3243 65
3244 51
3245 48
3246 60
3247 59
3248 59
3249 64
3250 56
3251 55
3252 51
3253 59
3254 64
3255 50
3256 44
3257 58
3258 58
3259 66
3260 68
3261 60
3262 48
3263 60
3264 51
3265 59
3266 58
3267 62
3268 54
3269 59
3270 57
3271 59
3272 52
3273 52
3274 51
3275 51
3276 48
3277 64
3278 59
3279 61
3280 56
3281 50
3282 62
3283 51
3284 61
3285 61
3286 57
3287 52
3288 57
3289 57
3290 59
3291 65
3292 67
3293 62
3294 53
3295 68
3296 66
3297 63
3298 49
3299 59
3300 47
3301 61
3302 54
3303 54
3304 57
3305 59
3306 56
3307 45
3308 63
3309 60
3310 68
3311 57
3312 49
3313 66
3314 56
3315 60
3316 61
3317 54
3318 58
3319 58
3320 44
3321 60
3322 57
3323 49
3324 54
3325 55
3326 68
3327 57
3328 68
3329 61
3330 54
3331 56
3332 56
3333 57
3334 68
3335 69
3336 62
3337 58
3338 54
3339 59
3340 52
3341 58
3342 66
3343 56
3344 64
3345 65
3346 52
3347 54
3348 54
3349 57
3350 47
3351 60
3352 56
3353 62
3354 45
3355 44
3356 68
3357 56
3358 57
3359 64
3360 56
3361 55
3362 64
3363 55
3364 66
3365 61
3366 57
3367 59
3368 55
3369 67
3370 48
3371 48
3372 62
3373 55
3374 65
3375 53
3376 55
3377 51
3378 57
3379 59
3380 57
3381 45
3382 56
3383 61
3384 54
3385 61
3386 58
3387 57
3388 54
3389 62
3390 52
3391 58
3392 62
3393 62
3394 64
3395 56
3396 61
3397 52
3398 53
3399 52
3400 52
3401 47
3402 50
3403 60
3404 53
3405 63
3406 48
3407 59
3408 62
3409 44
3410 52
3411 49
3412 56
3413 62
3414 52
3415 54
3416 56
3417 47
3418 45
3419 58
3420 60
3421 61
3422 60
3423 60
3424 60
3425 54
3426 60
3427 60
3428 62
3429 49
3430 69
3431 57
3432 57
3433 69
3434 67
3435 58
3436 52
3437 53
3438 56
3439 55
3440 52
3441 54
3442 53
3443 55
3444 59
3445 49
3446 58
3447 52
3448 63
3449 52
3450 57
3451 58
3452 50
3453 59
3454 55
3455 57
3456 59
3457 42
3458 53
3459 48
3460 69
3461 53
3462 58
3463 55
3464 52
3465 61
3466 50
3467 57
3468 60
3469 64
3470 47
3471 61
3472 55
3473 42
3474 55
3475 55
3476 54
3477 61
3478 54
3479 58
3480 58
3481 58
3482 63
3483 56
3484 57
3485 51
3486 55
3487 52
3488 49
3489 55
3490 51
3491 52
3492 58
3493 61
3494 57
3495 55
3496 57
3497 58
3498 52
3499 60
3500 62
3501 66
3502 50
3503 51
3504 57
3505 59
3506 50
3507 60
3508 59
3509 52
3510 63
3511 62
3512 58
3513 58
3514 41
3515 62
3516 48
3517 68
3518 46
3519 61
3520 60
3521 55
3522 55
3523 52
3524 62
3525 59
3526 56
3527 61
3528 55
3529 53
3530 49
3531 60
3532 63
3533 48
3534 53
3535 54
3536 63
3537 58
3538 57
3539 50
3540 58
3541 58
3542 67
3543 67
3544 54
3545 64
3546 62
3547 67
3548 44
3549 67
3550 61
3551 48
3552 65
3553 50
3554 59
3555 61
3556 59
3557 59
3558 58
3559 65
3560 57
3561 55
3562 62
3563 62
3564 55
3565 55
3566 61
3567 58
3568 64
3569 70
3570 55
3571 56
3572 52
3573 52
3574 55
3575 59
3576 48
3577 57
3578 55
3579 63
3580 49
3581 48
3582 51
3583 56
3584 53
3585 50
3586 58
3587 60
3588 57
3589 57
3590 60
3591 65
3592 61
3593 55
3594 73
3595 56
3596 58
3597 61
3598 60
3599 56
3600 55
3601 61
3602 63
3603 56
3604 60
3605 56
3606 67
3607 66
3608 50
3609 61
3610 58
3611 61
3612 56
3613 53
3614 50
3615 67
3616 59
3617 60
3618 60
3619 64
3620 65
3621 64
3622 61
3623 53
3624 62
3625 61
3626 46
3627 60
3628 58
3629 54
3630 54
3631 55
3632 63
3633 54
3634 51
3635 64
3636 66
3637 62
3638 51
3639 59
3640 58
3641 57
3642 60
3643 48
3644 66
3645 62
3646 50
3647 61
3648 62
3649 55
3650 58
3651 67
3652 52
3653 55
3654 66
3655 62
3656 52
3657 57
3658 49
3659 61
3660 53
3661 65
3662 65
3663 61
3664 56
3665 54
3666 57
3667 62
3668 61
3669 62
3670 56
3671 50
3672 65
3673 61
3674 67
3675 56
3676 60
3677 59
3678 53
3679 69
3680 57
3681 51
3682 44
3683 56
3684 51
3685 59
3686 61
3687 59
3688 56
3689 57
3690 53
3691 64
3692 52
3693 60
3694 65
3695 62
3696 67
3697 54
3698 60
3699 52
3700 65
3701 69
3702 60
3703 60
3704 58
3705 61
3706 58
3707 62
3708 57
3709 56
3710 62
3711 49
3712 55
3713 64
3714 60
3715 59
3716 63
3717 60
3718 59
3719 64
3720 59
3721 62
3722 62
3723 42
3724 59
3725 50
3726 62
3727 59
3728 68
3729 52
3730 54
3731 64
3732 61
3733 60
3734 61
3735 57
3736 69
3737 59
3738 62
3739 57
3740 54
3741 62
3742 59
3743 47
3744 63
3745 63
3746 60
3747 57
3748 65
3749 47
3750 54
3751 53
3752 64
3753 54
3754 57
3755 61
3756 62
3757 74
3758 50
3759 57
3760 58
3761 55
3762 61
3763 58
3764 71
3765 57
3766 53
3767 59
3768 68
3769 59
3770 57
3771 60
3772 51
3773 58
3774 50
3775 58
3776 62
3777 52
3778 80
3779 56
3780 58
3781 61
3782 59
3783 61
3784 68
3785 61
3786 70
3787 64
3788 63
3789 47
3790 55
3791 54
3792 51
3793 62
3794 64
3795 69
3796 65
3797 69
3798 55
3799 70
3800 65
3801 66
3802 61
3803 66
3804 61
3805 70
3806 61
3807 64
3808 56
3809 55
3810 57
3811 50
3812 51
3813 61
3814 61
3815 66
3816 65
3817 57
3818 55
3819 54
3820 55
3821 59
3822 52
3823 57
3824 66
3825 56
3826 62
3827 60
3828 54
3829 57
3830 60
3831 67
3832 56
3833 66
3834 73
3835 70
3836 50
3837 54
3838 52
3839 54
3840 49
3841 59
3842 57
3843 57
3844 58
3845 58
3846 55
3847 58
3848 69
3849 61
3850 59
3851 52
3852 60
3853 60
3854 60
3855 61
3856 50
3857 58
3858 50
3859 62
3860 50
3861 65
3862 57
3863 67
3864 60
3865 55
3866 59
3867 63
3868 61
3869 60
3870 62
3871 56
3872 71
3873 62
3874 52
3875 68
3876 62
3877 70
3878 50
3879 55
3880 58
3881 54
3882 68
3883 53
3884 53
3885 59
3886 60
3887 56
3888 54
3889 54
3890 69
3891 64
3892 59
3893 65
3894 57
3895 56
3896 49
3897 55
3898 63
3899 59
3900 67
3901 64
3902 61
3903 64
3904 67
3905 50
3906 52
3907 57
3908 57
3909 62
3910 62
3911 52
3912 59
3913 75
3914 55
3915 64
3916 52
3917 51
3918 63
3919 62
3920 60
3921 68
3922 57
3923 57
3924 49
3925 62
3926 54
3927 60
3928 62
3929 62
3930 58
3931 60
3932 54
3933 54
3934 51
3935 60
3936 58
3937 61
3938 53
3939 52
3940 56
3941 52
3942 48
3943 52
3944 42
3945 55
3946 54
3947 58
3948 51
3949 59
3950 52
3951 57
3952 63
3953 58
3954 45
3955 61
3956 62
3957 58
3958 63
3959 66
3960 60
3961 52
3962 60
3963 46
3964 57
3965 58
3966 54
3967 59
3968 61
3969 54
3970 58
3971 49
3972 42
3973 64
3974 57
3975 44
3976 51
3977 53
3978 56
3979 59
3980 53
3981 57
3982 54
3983 53
3984 51
3985 59
3986 57
3987 55
3988 51
3989 57
3990 48
3991 51
3992 53
3993 57
3994 54
3995 52
3996 52
3997 49
3998 53
3999 51
4000 43
4001 62
4002 55
4003 63
4004 53
4005 61
4006 58
4007 47
4008 65
4009 48
4010 55
4011 56
4012 58
4013 73
4014 54
4015 52
4016 54
4017 50
4018 64
4019 57
4020 65
4021 50
4022 57
4023 60
4024 57
4025 66
4026 56
4027 53
4028 60
4029 57
4030 61
4031 70
4032 63
4033 62
4034 55
4035 69
4036 56
4037 60
4038 59
4039 56
4040 54
4041 56
4042 46
4043 56
4044 52
4045 53
4046 48
4047 46
4048 53
4049 62
4050 60
4051 50
4052 51
4053 59
4054 57
4055 55
4056 54
4057 48
4058 63
4059 61
4060 53
4061 56
4062 55
4063 54
4064 54
4065 53
4066 51
4067 58
4068 53
4069 53
4070 72
4071 63
4072 56
4073 49
4074 53
4075 60
4076 57
4077 48
4078 62
4079 54
4080 56
4081 56
4082 48
4083 58
4084 48
4085 56
4086 58
4087 61
4088 52
4089 59
4090 55
4091 52
4092 56
4093 55
4094 61
4095 54
4096 52
4097 53
4098 56
4099 54
4100 52
4101 49
4102 64
4103 54
4104 47
4105 49
4106 69
4107 52
4108 51
4109 56
4110 55
4111 52
4112 55
4113 53
4114 44
4115 56
4116 55
4117 55
4118 51
4119 54
4120 59
4121 57
4122 61
4123 59
4124 51
4125 50
4126 55
4127 54
4128 57
4129 56
4130 52
4131 54
4132 62
4133 57
4134 57
4135 57
4136 60
4137 54
4138 61
4139 57
4140 56
4141 56
4142 49
4143 60
4144 64
4145 57
4146 44
4147 51
4148 55
4149 57
4150 55
4151 65
4152 61
4153 59
4154 41
4155 68
4156 56
4157 71
4158 60
4159 62
4160 63
4161 56
4162 44
4163 59
4164 62
4165 55
4166 68
4167 60
4168 51
4169 54
4170 59
4171 57
4172 54
4173 55
4174 50
4175 53
4176 59
4177 67
4178 49
4179 52
4180 52
4181 51
4182 57
4183 50
4184 52
4185 53
4186 52
4187 59
4188 60
4189 50
4190 65
4191 54
4192 57
4193 70
4194 59
4195 64
4196 51
4197 47
4198 53
4199 53
4200 61
4201 55
4202 53
4203 73
4204 56
4205 50
4206 68
4207 56
4208 56
4209 52
4210 47
4211 57
4212 53
4213 62
4214 49
4215 47
4216 64
4217 55
4218 63
4219 62
4220 57
4221 50
4222 56
4223 54
4224 48
4225 63
4226 47
4227 60
4228 67
4229 67
4230 57
4231 57
4232 50
4233 59
4234 67
4235 51
4236 58
4237 63
4238 61
4239 61
4240 49
4241 59
4242 70
4243 58
4244 60
4245 56
4246 63
4247 64
4248 58
4249 44
4250 61
4251 56
4252 55
4253 60
4254 57
4255 62
4256 54
4257 53
4258 63
4259 62
4260 58
4261 45
4262 60
4263 46
4264 59
4265 47
4266 50
4267 57
4268 48
4269 51
4270 59
4271 53
4272 58
4273 49
4274 68
4275 49
4276 53
4277 49
4278 49
4279 59
4280 50
4281 62
4282 55
4283 54
4284 50
4285 48
4286 51
4287 53
4288 69
4289 61
4290 50
4291 53
4292 52
4293 55
4294 43
4295 49
4296 56
4297 56
4298 54
4299 55
4300 56
4301 52
4302 50
4303 61
4304 62
4305 55
4306 60
4307 39
4308 49
4309 53
4310 51
4311 57
4312 62
4313 54
4314 43
4315 56
4316 51
4317 49
4318 64
4319 48
4320 51
4321 56
4322 63
4323 60
4324 59
4325 54
4326 44
4327 61
4328 60
4329 50
4330 49
4331 62
4332 52
4333 55
4334 52
4335 54
4336 40
4337 55
4338 61
4339 53
4340 48
4341 54
4342 39
4343 46
4344 53
4345 56
4346 57
4347 54
4348 56
4349 49
4350 59
4351 53
4352 56
4353 57
4354 44
4355 48
4356 48
4357 55
4358 48
4359 56
4360 64
4361 53
4362 44
4363 60
4364 39
4365 49
4366 56
4367 58
4368 50
4369 59
4370 51
4371 50
4372 60
4373 56
4374 55
4375 62
4376 50
4377 56
4378 52
4379 47
4380 63
4381 52
4382 43
4383 55
4384 58
4385 58
4386 51
4387 56
4388 58
4389 53
4390 52
4391 51
4392 63
4393 45
4394 56
4395 54
4396 60
4397 48
4398 45
4399 57
4400 57
4401 56
4402 53
4403 56
4404 49
4405 65
4406 56
4407 59
4408 55
4409 54
4410 46
4411 54
4412 64
4413 41
4414 58
4415 58
4416 60
4417 51
4418 64
4419 61
4420 51
4421 60
4422 61
4423 59
4424 60
4425 57
4426 41
4427 45
4428 57
4429 57
4430 56
4431 51
4432 62
4433 54
4434 59
4435 53
4436 46
4437 61
4438 50
4439 46
4440 60
4441 54
4442 67
4443 62
4444 47
4445 60
4446 51
4447 62
4448 57
4449 66
4450 56
4451 51
4452 56
4453 54
4454 60
4455 63
4456 61
4457 52
4458 46
4459 53
4460 48
4461 64
4462 58
4463 56
4464 53
4465 52
4466 57
4467 58
4468 49
4469 56
4470 52
4471 53
4472 61
4473 53
4474 55
4475 55
4476 63
4477 62
4478 57
4479 58
4480 56
4481 48
4482 54
4483 63
4484 64
4485 60
4486 61
4487 56
4488 45
4489 59
4490 53
4491 53
4492 47
4493 60
4494 56
4495 51
4496 54
4497 55
4498 56
4499 44
4500 55
4501 58
4502 54
4503 47
4504 65
4505 51
4506 58
4507 59
4508 47
4509 63
4510 55
4511 55
4512 56
4513 56
4514 64
4515 61
4516 61
4517 45
4518 64
4519 45
4520 53
4521 68
4522 56
4523 54
4524 70
4525 65
4526 58
4527 65
4528 58
4529 60
4530 54
4531 53
4532 65
4533 52
4534 54
4535 57
4536 54
4537 52
4538 56
4539 61
4540 66
4541 60
4542 53
4543 59
4544 56
4545 63
4546 51
4547 56
4548 51
4549 58
4550 49
4551 52
4552 64
4553 56
4554 52
4555 55
4556 53
4557 58
4558 62
4559 57
4560 62
4561 55
4562 54
4563 51
4564 50
4565 59
4566 63
4567 51
4568 47
4569 54
4570 52
4571 63
4572 61
4573 67
4574 46
4575 59
4576 55
4577 51
4578 53
4579 70
4580 54
4581 60
4582 58
4583 61
4584 60
4585 45
4586 51
4587 56
4588 59
4589 51
4590 57
4591 57
4592 59
4593 53
4594 54
4595 59
4596 50
4597 62
4598 64
4599 56
4600 55
4601 62
4602 55
4603 48
4604 59
4605 58
4606 56
4607 63
4608 56
4609 53
4610 50
4611 59
4612 62
4613 62
4614 62
4615 63
4616 60
4617 64
4618 54
4619 56
4620 51
4621 55
4622 55
4623 58
4624 58
4625 57
4626 62
4627 57
4628 59
4629 66
4630 63
4631 57
4632 62
4633 55
4634 67
4635 53
4636 68
4637 43
4638 43
4639 56
4640 63
4641 43
4642 55
4643 59
4644 61
4645 56
4646 56
4647 59
4648 56
4649 55
4650 56
4651 57
4652 67
4653 61
4654 58
4655 60
4656 62
4657 58
4658 50
4659 59
4660 60
4661 59
4662 60
4663 53
4664 46
4665 58
4666 69
4667 67
4668 49
4669 52
4670 55
4671 60
4672 52
4673 67
4674 67
4675 60
4676 57
4677 54
4678 59
4679 70
4680 53
4681 59
4682 59
4683 48
4684 52
4685 62
4686 65
4687 58
4688 60
4689 71
4690 57
4691 72
4692 56
4693 65
4694 56
4695 65
4696 53
4697 70
4698 51
4699 56
4700 51
4701 48
4702 55
4703 63
4704 59
4705 67
4706 66
4707 51
4708 63
4709 63
4710 66
4711 56
4712 58
4713 59
4714 54
4715 55
4716 48
4717 66
4718 60
4719 53
4720 58
4721 61
4722 59
4723 55
4724 58
4725 61
4726 62
4727 60
4728 59
4729 59
4730 60
4731 66
4732 62
4733 73
4734 64
4735 69
4736 56
4737 66
4738 53
4739 62
4740 56
4741 62
4742 54
4743 61
4744 55
4745 63
4746 59
4747 66
4748 65
4749 60
4750 58
4751 62
4752 51
4753 56
4754 57
4755 53
4756 55
4757 58
4758 58
4759 63
4760 71
4761 60
4762 58
4763 54
4764 53
4765 53
4766 58
4767 51
4768 52
4769 62
4770 54
4771 62
4772 66
4773 68
4774 65
4775 60
4776 57
4777 46
4778 59
4779 60
4780 51
4781 57
4782 46
4783 61
4784 56
4785 55
4786 41
4787 59
4788 65
4789 57
4790 53
4791 57
4792 60
4793 56
4794 56
4795 58
4796 47
4797 55
4798 56
4799 52
4800 56
4801 100
